# t theta1 omega1 theta2 omega2 E_kin E_pot E_total
0.00000 1.57080 -1.00000 1.57080 3.00000 2.50000 -0.00000 2.50000
0.01000 1.56031 -1.09605 1.60079 2.99771 2.41150 0.08850 2.50000
0.02000 1.54889 -1.18778 1.63073 2.99047 2.34214 0.15786 2.50000
0.03000 1.53657 -1.27498 1.66058 2.97781 2.29175 0.20825 2.50000
0.04000 1.52341 -1.35749 1.69027 2.95937 2.26020 0.23981 2.50000
0.05000 1.50944 -1.43530 1.71975 2.93492 2.24728 0.25272 2.50000
0.06000 1.49472 -1.50850 1.74895 2.90436 2.25283 0.24717 2.50000
0.07000 1.47928 -1.57728 1.77781 2.86774 2.27662 0.22338 2.50000
0.08000 1.46318 -1.64195 1.80628 2.82523 2.31845 0.18155 2.50000
0.09000 1.44646 -1.70290 1.83430 2.77708 2.37811 0.12189 2.50000
0.10000 1.42914 -1.76054 1.86181 2.72362 2.45538 0.04462 2.50000
0.11000 1.41125 -1.81534 1.88876 2.66521 2.55005 -0.05005 2.50000
0.12000 1.39284 -1.86778 1.91510 2.60220 2.66190 -0.16190 2.50000
0.13000 1.37391 -1.91832 1.94079 2.53495 2.79074 -0.29074 2.50000
0.14000 1.35448 -1.96739 1.96578 2.46376 2.93634 -0.43634 2.50000
0.15000 1.33456 -2.01541 1.99005 2.38890 3.09851 -0.59851 2.50000
0.16000 1.31417 -2.06274 2.01355 2.31058 3.27704 -0.77704 2.50000
0.17000 1.29331 -2.10971 2.03625 2.22896 3.47173 -0.97173 2.50000
0.18000 1.27198 -2.15661 2.05812 2.14413 3.68235 -1.18235 2.50000
0.19000 1.25017 -2.20370 2.07912 2.05614 3.90870 -1.40870 2.50000
0.20000 1.22790 -2.25120 2.09923 1.96499 4.15053 -1.65053 2.50000
0.21000 1.20515 -2.29928 2.11841 1.87062 4.40761 -1.90761 2.50000
0.22000 1.18191 -2.34810 2.13663 1.77296 4.67969 -2.17969 2.50000
0.23000 1.15818 -2.39780 2.15386 1.67187 4.96648 -2.46648 2.50000
0.24000 1.13395 -2.44847 2.17006 1.56720 5.26770 -2.76770 2.50000
0.25000 1.10921 -2.50019 2.18519 1.45879 5.58302 -3.08302 2.50000
0.26000 1.08395 -2.55302 2.19922 1.34643 5.91211 -3.41211 2.50000
0.27000 1.05815 -2.60699 2.21210 1.22992 6.25460 -3.75460 2.50000
0.28000 1.03180 -2.66212 2.22380 1.10902 6.61008 -4.11008 2.50000
0.29000 1.00490 -2.71840 2.23427 0.98352 6.97814 -4.47814 2.50000
0.30000 0.97743 -2.77579 2.24346 0.85317 7.35830 -4.85830 2.50000
0.31000 0.94938 -2.83423 2.25132 0.71775 7.75007 -5.25007 2.50000
0.32000 0.92074 -2.89364 2.25779 0.57703 8.15291 -5.65291 2.50000
0.33000 0.89151 -2.95391 2.26284 0.43081 8.56623 -6.06623 2.50000
0.34000 0.86166 -3.01488 2.26639 0.27889 8.98943 -6.48943 2.50000
0.35000 0.83121 -3.07638 2.26840 0.12111 9.42184 -6.92184 2.50000
0.36000 0.80013 -3.13818 2.26879 -0.04268 9.86277 -7.36277 2.50000
0.37000 0.76844 -3.20002 2.26752 -0.21256 10.31149 -7.81149 2.50000
0.38000 0.73613 -3.26159 2.26452 -0.38859 10.76722 -8.26722 2.50000
0.39000 0.70321 -3.32253 2.25973 -0.57077 11.22916 -8.72916 2.50000
0.40000 0.66969 -3.38242 2.25309 -0.75904 11.69648 -9.19648 2.50000
0.41000 0.63557 -3.44080 2.24453 -0.95328 12.16834 -9.66834 2.50000
0.42000 0.60088 -3.49715 2.23400 -1.15329 12.64387 -10.14387 2.50000
0.43000 0.56563 -3.55088 2.22145 -1.35878 13.12221 -10.62221 2.50000
0.44000 0.52987 -3.60136 2.20681 -1.56940 13.60249 -11.10249 2.50000
0.45000 0.49362 -3.64788 2.19004 -1.78469 14.08389 -11.58389 2.50000
0.46000 0.45693 -3.68971 2.17110 -2.00412 14.56561 -12.06561 2.50000
0.47000 0.41984 -3.72604 2.14995 -2.22706 15.04689 -12.54689 2.50000
0.48000 0.38243 -3.75603 2.12655 -2.45279 15.52707 -13.02707 2.50000
0.49000 0.34475 -3.77883 2.10089 -2.68054 16.00553 -13.50553 2.50000
0.50000 0.30688 -3.79352 2.07294 -2.90943 16.48179 -13.98179 2.50000
0.51000 0.26891 -3.79922 2.04270 -3.13857 16.95547 -14.45547 2.50000
0.52000 0.23093 -3.79502 2.01017 -3.36698 17.42629 -14.92629 2.50000
0.53000 0.19304 -3.78005 1.97536 -3.59371 17.89415 -15.39415 2.50000
0.54000 0.15537 -3.75348 1.93830 -3.81776 18.35905 -15.85905 2.50000
0.55000 0.11802 -3.71451 1.89902 -4.03820 18.82117 -16.32117 2.50000
0.56000 0.08112 -3.66243 1.85755 -4.25413 19.28079 -16.78079 2.50000
0.57000 0.04481 -3.59662 1.81395 -4.46472 19.73836 -17.23836 2.50000
0.58000 0.00923 -3.51656 1.76828 -4.66927 20.19443 -17.69443 2.50000
0.59000 -0.02547 -3.42182 1.72059 -4.86720 20.64964 -18.14964 2.50000
0.60000 -0.05915 -3.31213 1.67096 -5.05812 21.10474 -18.60474 2.50000
0.61000 -0.09166 -3.18730 1.61945 -5.24181 21.56051 -19.06050 2.50000
0.62000 -0.12285 -3.04729 1.56615 -5.41827 22.01776 -19.51775 2.50000
0.63000 -0.15256 -2.89215 1.51111 -5.58775 22.47730 -19.97730 2.50000
0.64000 -0.18064 -2.72206 1.45441 -5.75074 22.93991 -20.43990 2.50000
0.65000 -0.20695 -2.53724 1.39611 -5.90801 23.40628 -20.90628 2.50000
0.66000 -0.23134 -2.33797 1.33627 -6.06064 23.87703 -21.37702 2.50000
0.67000 -0.25366 -2.12456 1.27491 -6.20999 24.35261 -21.85261 2.50000
0.68000 -0.27378 -1.89727 1.21207 -6.35773 24.83334 -22.33333 2.50000
0.69000 -0.29156 -1.65629 1.14776 -6.50589 25.31930 -22.81930 2.50000
0.70000 -0.30686 -1.40170 1.08195 -6.65685 25.81035 -23.31035 2.50000
0.71000 -0.31955 -1.13340 1.01460 -6.81337 26.30605 -23.80605 2.50001
0.72000 -0.32948 -0.85104 0.94565 -6.97866 26.80560 -24.30560 2.50001
0.73000 -0.33652 -0.55399 0.87499 -7.15638 27.30778 -24.80777 2.50001
0.74000 -0.34051 -0.24128 0.80247 -7.35075 27.81082 -25.31081 2.50001
0.75000 -0.34129 0.08840 0.72790 -7.56652 28.31227 -25.81226 2.50001
0.76000 -0.33868 0.43668 0.65105 -7.80896 28.80882 -26.30881 2.50001
0.77000 -0.33249 0.80529 0.57161 -8.08369 29.29597 -26.79596 2.50001
0.78000 -0.32250 1.19557 0.48925 -8.39604 29.76765 -27.26764 2.50000
0.79000 -0.30851 1.60735 0.40355 -8.74970 30.21567 -27.71568 2.49999
0.80000 -0.29030 2.03669 0.31412 -9.14382 30.62905 -28.12907 2.49998
0.81000 -0.26775 2.47175 0.22058 -9.56743 30.99319 -28.49322 2.49997
0.82000 -0.24093 2.88661 0.12277 -9.99108 31.28946 -28.78949 2.49997
0.83000 -0.21024 3.23584 0.02094 -10.35888 31.49589 -28.99585 2.50003
0.84000 -0.17663 3.45876 -0.08397 -10.59341 31.59031 -29.09017 2.50014
0.85000 -0.14166 3.50380 -0.19025 -10.62761 31.55662 -29.05646 2.50016
0.86000 -0.10719 3.36198 -0.29580 -10.44956 31.39140 -28.89134 2.50006
0.87000 -0.07491 3.07381 -0.39871 -10.11173 31.10546 -28.60552 2.49995
0.88000 -0.04599 2.70082 -0.49777 -9.69297 30.71873 -28.21882 2.49991
0.89000 -0.02100 2.29513 -0.59252 -9.25828 30.25335 -27.75344 2.49991
0.90000 -0.00009 1.88902 -0.68301 -8.84570 29.72932 -27.22939 2.49993
0.91000 0.01683 1.49845 -0.76956 -8.47170 29.16286 -26.66292 2.49994
0.92000 0.02995 1.12949 -0.85258 -8.14013 28.56650 -26.06656 2.49994
0.93000 0.03950 0.78323 -0.93250 -7.84873 27.94973 -25.44979 2.49994
0.94000 0.04569 0.45860 -1.00968 -7.59286 27.31970 -24.81975 2.49994
0.95000 0.04874 0.15378 -1.08446 -7.36726 26.68178 -24.18184 2.49994
0.96000 0.04882 -0.13309 -1.15711 -7.16687 26.04008 -23.54014 2.49994
0.97000 0.04613 -0.40369 -1.22786 -6.98710 25.39771 -22.89777 2.49994
0.98000 0.04080 -0.65935 -1.29690 -6.82393 24.75702 -22.25708 2.49994
0.99000 0.03299 -0.90111 -1.36438 -6.67384 24.11983 -21.61989 2.49994
1.00000 0.02282 -1.12969 -1.43041 -6.53384 23.48745 -20.98751 2.49994
1.01000 0.01044 -1.34561 -1.49509 -6.40130 22.86089 -20.36095 2.49994
1.02000 -0.00405 -1.54916 -1.55846 -6.27402 22.24081 -19.74087 2.49994
1.03000 -0.02051 -1.74048 -1.62058 -6.15007 21.62767 -19.12773 2.49994
1.04000 -0.03882 -1.91961 -1.68147 -6.02785 21.02171 -18.52177 2.49994
1.05000 -0.05886 -2.08651 -1.74113 -5.90600 20.42301 -17.92307 2.49994
1.06000 -0.08051 -2.24110 -1.79958 -5.78340 19.83152 -17.33158 2.49994
1.07000 -0.10364 -2.38329 -1.85680 -5.65915 19.24708 -16.74715 2.49994
1.08000 -0.12813 -2.51300 -1.91276 -5.53256 18.66945 -16.16952 2.49994
1.09000 -0.15386 -2.63018 -1.96744 -5.40314 18.09833 -15.59840 2.49994
1.10000 -0.18069 -2.73483 -2.02081 -5.27054 17.53337 -15.03344 2.49994
1.11000 -0.20851 -2.82700 -2.07284 -5.13461 16.97423 -14.47429 2.49993
1.12000 -0.23719 -2.90682 -2.12349 -4.99531 16.42053 -13.92059 2.49993
1.13000 -0.26661 -2.97445 -2.17273 -4.85275 15.87194 -13.37200 2.49993
1.14000 -0.29664 -3.03017 -2.22054 -4.70715 15.32816 -12.82822 2.49993
1.15000 -0.32717 -3.07428 -2.26687 -4.55882 14.78893 -12.28900 2.49993
1.16000 -0.35809 -3.10716 -2.31170 -4.40814 14.25406 -11.75413 2.49993
1.17000 -0.38928 -3.12925 -2.35502 -4.25558 13.72342 -11.22348 2.49993
1.18000 -0.42064 -3.14102 -2.39681 -4.10162 13.19695 -10.69701 2.49993
1.19000 -0.45207 -3.14299 -2.43705 -3.94679 12.67468 -10.17474 2.49993
1.20000 -0.48347 -3.13569 -2.47575 -3.79164 12.15671 -9.65678 2.49993
1.21000 -0.51475 -3.11969 -2.51289 -3.63673 11.64324 -9.14330 2.49993
1.22000 -0.54584 -3.09557 -2.54848 -3.48258 11.13451 -8.63457 2.49993
1.23000 -0.57664 -3.06390 -2.58254 -3.32975 10.63085 -8.13092 2.49993
1.24000 -0.60709 -3.02525 -2.61508 -3.17871 10.13266 -7.63273 2.49993
1.25000 -0.63712 -2.98020 -2.64613 -3.02996 9.64038 -7.14045 2.49993
1.26000 -0.66667 -2.92928 -2.67569 -2.88392 9.15452 -6.65458 2.49993
1.27000 -0.69569 -2.87302 -2.70381 -2.74100 8.67559 -6.17566 2.49993
1.28000 -0.72412 -2.81193 -2.73052 -2.60154 8.20418 -5.70424 2.49993
1.29000 -0.75191 -2.74649 -2.75586 -2.46587 7.74085 -5.24092 2.49993
1.30000 -0.77904 -2.67714 -2.77985 -2.33424 7.28622 -4.78629 2.49993
1.31000 -0.80545 -2.60430 -2.80256 -2.20687 6.84090 -4.34096 2.49993
1.32000 -0.83111 -2.52836 -2.82401 -2.08396 6.40547 -3.90554 2.49993
1.33000 -0.85600 -2.44968 -2.84425 -1.96562 5.98055 -3.48061 2.49993
1.34000 -0.88010 -2.36857 -2.86334 -1.85196 5.56671 -3.06677 2.49993
1.35000 -0.90337 -2.28535 -2.88131 -1.74304 5.16452 -2.66459 2.49993
1.36000 -0.92580 -2.20027 -2.89821 -1.63887 4.77453 -2.27460 2.49993
1.37000 -0.94737 -2.11357 -2.91410 -1.53945 4.39727 -1.89734 2.49993
1.38000 -0.96806 -2.02548 -2.92902 -1.44473 4.03323 -1.53329 2.49993
1.39000 -0.98787 -1.93617 -2.94301 -1.35465 3.68287 -1.18294 2.49993
1.40000 -1.00678 -1.84582 -2.95612 -1.26911 3.34665 -0.84672 2.49993
1.41000 -1.02479 -1.75458 -2.96841 -1.18798 3.02497 -0.52504 2.49993
1.42000 -1.04187 -1.66257 -2.97990 -1.11114 2.71821 -0.21828 2.49993
1.43000 -1.05804 -1.56991 -2.99064 -1.03843 2.42674 0.07319 2.49993
1.44000 -1.07327 -1.47669 -3.00068 -0.96967 2.15087 0.34906 2.49993
1.45000 -1.08757 -1.38300 -3.01005 -0.90468 1.89091 0.60902 2.49993
1.46000 -1.10093 -1.28890 -3.01879 -0.84326 1.64713 0.85281 2.49993
1.47000 -1.11335 -1.19446 -3.02693 -0.78519 1.41977 1.08017 2.49993
1.48000 -1.12482 -1.09972 -3.03450 -0.73027 1.20906 1.29088 2.49993
1.49000 -1.13534 -1.00473 -3.04154 -0.67826 1.01519 1.48474 2.49993
1.50000 -1.14491 -0.90952 -3.04807 -0.62892 0.83836 1.66158 2.49993
1.51000 -1.15353 -0.81412 -3.05413 -0.58202 0.67871 1.82123 2.49993
1.52000 -1.16119 -0.71854 -3.05972 -0.53731 0.53638 1.96356 2.49993
1.53000 -1.16790 -0.62282 -3.06488 -0.49453 0.41149 2.08844 2.49993
1.54000 -1.17365 -0.52695 -3.06962 -0.45344 0.30415 2.19579 2.49993
1.55000 -1.17844 -0.43095 -3.07395 -0.41378 0.21444 2.28550 2.49993
1.56000 -1.18227 -0.33483 -3.07790 -0.37528 0.14242 2.35751 2.49993
1.57000 -1.18513 -0.23858 -3.08146 -0.33768 0.08817 2.41176 2.49993
1.58000 -1.18704 -0.14221 -3.08465 -0.30072 0.05171 2.44822 2.49993
1.59000 -1.18798 -0.04572 -3.08748 -0.26413 0.03307 2.46686 2.49993
1.60000 -1.18795 0.05091 -3.08994 -0.22764 0.03227 2.46766 2.49993
1.61000 -1.18696 0.14767 -3.09203 -0.19098 0.04930 2.45064 2.49993
1.62000 -1.18500 0.24458 -3.09375 -0.15388 0.08413 2.41580 2.49993
1.63000 -1.18207 0.34163 -3.09510 -0.11606 0.13676 2.36318 2.49993
1.64000 -1.17817 0.43885 -3.09607 -0.07727 0.20711 2.29282 2.49993
1.65000 -1.17329 0.53625 -3.09665 -0.03722 0.29515 2.20479 2.49993
1.66000 -1.16744 0.63382 -3.09681 0.00436 0.40077 2.09916 2.49993
1.67000 -1.16061 0.73160 -3.09655 0.04773 0.52390 1.97603 2.49993
1.68000 -1.15281 0.82957 -3.09585 0.09318 0.66442 1.83552 2.49993
1.69000 -1.14402 0.92776 -3.09468 0.14096 0.82219 1.67774 2.49993
1.70000 -1.13425 1.02618 -3.09302 0.19135 0.99706 1.50287 2.49993
1.71000 -1.12350 1.12482 -3.09084 0.24462 1.18886 1.31108 2.49993
1.72000 -1.11175 1.22368 -3.08812 0.30102 1.39738 1.10255 2.49993
1.73000 -1.09902 1.32278 -3.08481 0.36081 1.62240 0.87753 2.49993
1.74000 -1.08530 1.42208 -3.08089 0.42425 1.86366 0.63627 2.49993
1.75000 -1.07058 1.52159 -3.07631 0.49159 2.12089 0.37904 2.49993
1.76000 -1.05487 1.62127 -3.07105 0.56306 2.39376 0.10617 2.49993
1.77000 -1.03815 1.72109 -3.06504 0.63889 2.68193 -0.18200 2.49993
1.78000 -1.02044 1.82100 -3.05825 0.71929 2.98501 -0.48508 2.49993
1.79000 -1.00173 1.92094 -3.05064 0.80449 3.30258 -0.80265 2.49993
1.80000 -0.98202 2.02083 -3.04215 0.89466 3.63417 -1.13424 2.49993
1.81000 -0.96132 2.12058 -3.03273 0.98997 3.97929 -1.47935 2.49993
1.82000 -0.93961 2.22007 -3.02233 1.09057 4.33738 -1.83744 2.49993
1.83000 -0.91692 2.31916 -3.01090 1.19658 4.70785 -2.20792 2.49993
1.84000 -0.89323 2.41767 -2.99838 1.30811 5.09008 -2.59014 2.49993
1.85000 -0.86857 2.51543 -2.98472 1.42520 5.48338 -2.98345 2.49993
1.86000 -0.84293 2.61220 -2.96986 1.54790 5.88704 -3.38711 2.49993
1.87000 -0.81633 2.70772 -2.95374 1.67619 6.30030 -3.80037 2.49993
1.88000 -0.78878 2.80170 -2.93631 1.81001 6.72237 -4.22243 2.49993
1.89000 -0.76030 2.89381 -2.91752 1.94927 7.15242 -4.65248 2.49993
1.90000 -0.73091 2.98368 -2.89731 2.09383 7.58960 -5.08967 2.49993
1.91000 -0.70063 3.07089 -2.87563 2.24346 8.03305 -5.53311 2.49993
1.92000 -0.66950 3.15500 -2.85243 2.39793 8.48188 -5.98195 2.49993
1.93000 -0.63755 3.23551 -2.82765 2.55692 8.93522 -6.43529 2.49993
1.94000 -0.60481 3.31189 -2.80127 2.72005 9.39222 -6.89229 2.49993
1.95000 -0.57132 3.38357 -2.77324 2.88690 9.85203 -7.35210 2.49993
1.96000 -0.53715 3.44994 -2.74352 3.05697 10.31387 -7.81394 2.49993
1.97000 -0.50234 3.51036 -2.71209 3.22972 10.77700 -8.27707 2.49993
1.98000 -0.46697 3.56415 -2.67892 3.40454 11.24076 -8.74083 2.49993
1.99000 -0.43109 3.61061 -2.64400 3.58078 11.70458 -9.20464 2.49993
2.00000 -0.39478 3.64904 -2.60731 3.75773 12.16798 -9.66805 2.49993
2.01000 -0.35813 3.67871 -2.56884 3.93467 12.63063 -10.13070 2.49993
2.02000 -0.32124 3.69888 -2.52861 4.11082 13.09230 -10.59237 2.49993
2.03000 -0.28419 3.70885 -2.48663 4.28538 13.55292 -11.05298 2.49993
2.04000 -0.24710 3.70790 -2.44291 4.45755 14.01255 -11.51262 2.49993
2.05000 -0.21007 3.69537 -2.39749 4.62654 14.47142 -11.97149 2.49993
2.06000 -0.17323 3.67064 -2.35040 4.79157 14.92989 -12.42996 2.49993
2.07000 -0.13670 3.63313 -2.30168 4.95190 15.38848 -12.88855 2.49993
2.08000 -0.10061 3.58235 -2.25138 5.10685 15.84782 -13.34789 2.49993
2.09000 -0.06510 3.51788 -2.19956 5.25581 16.30868 -13.80874 2.49993
2.10000 -0.03030 3.43942 -2.14628 5.39827 16.77190 -14.27197 2.49993
2.11000 0.00364 3.34673 -2.09162 5.53386 17.23843 -14.73850 2.49993
2.12000 0.03659 3.23974 -2.03563 5.66233 17.70924 -15.20931 2.49993
2.13000 0.06839 3.11845 -1.97839 5.78358 18.18534 -15.68541 2.49994
2.14000 0.09891 2.98299 -1.91998 5.89772 18.66773 -16.16779 2.49994
2.15000 0.12800 2.83362 -1.86046 6.00502 19.15737 -16.65744 2.49994
2.16000 0.15553 2.67067 -1.79990 6.10599 19.65518 -17.15525 2.49994
2.17000 0.18137 2.49457 -1.73836 6.20131 20.16198 -17.66205 2.49994
2.18000 0.20538 2.30579 -1.67589 6.29193 20.67849 -18.17855 2.49994
2.19000 0.22745 2.10485 -1.61253 6.37898 21.20530 -18.70536 2.49994
2.20000 0.24744 1.89225 -1.54832 6.46385 21.74284 -19.24290 2.49994
2.21000 0.26525 1.66845 -1.48326 6.54814 22.29138 -19.79145 2.49994
2.22000 0.28077 1.43385 -1.41735 6.63370 22.85102 -20.35109 2.49994
2.23000 0.29390 1.18868 -1.35057 6.72263 23.42164 -20.92170 2.49994
2.24000 0.30451 0.93301 -1.28288 6.81732 24.00287 -21.50294 2.49994
2.25000 0.31252 0.66669 -1.21420 6.92046 24.59412 -22.09418 2.49994
2.26000 0.31781 0.38925 -1.14443 7.03509 25.19446 -22.69452 2.49994
2.27000 0.32027 0.09986 -1.07345 7.16472 25.80261 -23.30267 2.49994
2.28000 0.31976 -0.20270 -1.00108 7.31334 26.41688 -23.91694 2.49994
2.29000 0.31616 -0.52019 -0.92710 7.48560 27.03500 -24.53506 2.49994
2.30000 0.30930 -0.85489 -0.85127 7.68687 27.65399 -25.15405 2.49994
2.31000 0.29900 -1.20965 -0.77325 7.92332 28.26993 -25.76999 2.49994
2.32000 0.28503 -1.58775 -0.69266 8.20188 28.87761 -26.37767 2.49994
2.33000 0.26715 -1.99247 -0.60905 8.52976 29.47004 -26.97011 2.49994
2.34000 0.24509 -2.42595 -0.52188 8.91305 30.03774 -27.53781 2.49993
2.35000 0.21854 -2.88657 -0.43059 9.35342 30.56775 -28.06785 2.49990
2.36000 0.18730 -3.36352 -0.33465 9.84095 31.04253 -28.54265 2.49987
2.37000 0.15131 -3.82763 -0.23373 10.34153 31.43896 -28.93909 2.49987
2.38000 0.11098 -4.22117 -0.12801 10.78260 31.72901 -29.22903 2.49997
2.39000 0.06740 -4.46142 -0.01863 11.05677 31.88392 -29.38375 2.50017
2.40000 0.02250 -4.47817 0.09224 11.07150 31.88351 -29.38333 2.50018
2.41000 -0.02139 -4.26697 0.20190 10.82082 31.72621 -29.22625 2.49996
2.42000 -0.06229 -3.89310 0.30806 10.39068 31.42993 -28.93014 2.49979
2.43000 -0.09899 -3.44050 0.40948 9.89020 31.02268 -28.52293 2.49976
2.44000 -0.13105 -2.97035 0.50589 9.39663 30.53279 -28.03301 2.49978
2.45000 -0.15845 -2.51463 0.59757 8.94777 29.98402 -27.48422 2.49980
2.46000 -0.18143 -2.08569 0.68504 8.55561 29.39462 -26.89481 2.49981
2.47000 -0.20026 -1.68588 0.76887 8.21939 28.77815 -26.27833 2.49982
2.48000 -0.21524 -1.31330 0.84959 7.93340 28.14456 -25.64474 2.49982
2.49000 -0.22661 -0.96472 0.92768 7.69053 27.50122 -25.00140 2.49982
2.50000 -0.23460 -0.63680 1.00352 7.48391 26.85363 -24.35382 2.49982
2.51000 -0.23940 -0.32658 1.07746 7.30737 26.20598 -23.70616 2.49981
2.52000 -0.24118 -0.03167 1.14975 7.15555 25.56142 -23.06161 2.49981
2.53000 -0.24008 0.24981 1.22063 7.02385 24.92241 -22.42260 2.49981
2.54000 -0.23623 0.51924 1.29028 6.90831 24.29082 -21.79101 2.49981
2.55000 -0.22973 0.77757 1.35884 6.80552 23.66807 -21.16826 2.49981
2.56000 -0.22071 1.02541 1.42643 6.71248 23.05524 -20.55543 2.49981
2.57000 -0.20926 1.26305 1.49312 6.62660 22.45308 -19.95327 2.49981
2.58000 -0.19548 1.49057 1.55897 6.54555 21.86211 -19.36230 2.49981
2.59000 -0.17948 1.70785 1.62404 6.46733 21.28260 -18.78280 2.49981
2.60000 -0.16136 1.91462 1.68832 6.39014 20.71465 -18.21484 2.49981
2.61000 -0.14123 2.11054 1.75184 6.31241 20.15815 -17.65835 2.49981
2.62000 -0.11919 2.29520 1.81457 6.23281 19.61286 -17.11305 2.49981
2.63000 -0.09536 2.46816 1.87648 6.15019 19.07837 -16.57856 2.49981
2.64000 -0.06986 2.62901 1.93756 6.06362 18.55416 -16.05435 2.49981
2.65000 -0.04282 2.77737 1.99774 5.97237 18.03959 -15.53979 2.49981
2.66000 -0.01436 2.91291 2.05699 5.87588 17.53396 -15.03416 2.49981
2.67000 0.01539 3.03540 2.11524 5.77379 17.03648 -14.53667 2.49981
2.68000 0.04630 3.14467 2.17244 5.66592 16.54632 -14.04651 2.49981
2.69000 0.07824 3.24069 2.22854 5.55224 16.06263 -13.56282 2.49981
2.70000 0.11107 3.32349 2.28347 5.43287 15.58456 -13.08475 2.49981
2.71000 0.14467 3.39321 2.33718 5.30805 15.11130 -12.61150 2.49981
2.72000 0.17890 3.45012 2.38961 5.17816 14.64208 -12.14227 2.49981
2.73000 0.21363 3.49452 2.44072 5.04365 14.17619 -11.67639 2.49981
2.74000 0.24875 3.52682 2.49047 4.90505 13.71302 -11.21322 2.49981
2.75000 0.28413 3.54750 2.53881 4.76293 13.25206 -10.75226 2.49981
2.76000 0.31966 3.55708 2.58572 4.61793 12.79290 -10.29310 2.49981
2.77000 0.35523 3.55612 2.63117 4.47070 12.33527 -9.83546 2.49981
2.78000 0.39075 3.54524 2.67513 4.32189 11.87900 -9.37919 2.49981
2.79000 0.42611 3.52504 2.71760 4.17215 11.42407 -8.92426 2.49981
2.80000 0.46122 3.49617 2.75857 4.02214 10.97056 -8.47075 2.49981
2.81000 0.49600 3.45925 2.79804 3.87245 10.51868 -8.01888 2.49981
2.82000 0.53038 3.41491 2.83602 3.72370 10.06875 -7.56895 2.49981
2.83000 0.56428 3.36377 2.87252 3.57642 9.62119 -7.12138 2.49981
2.84000 0.59763 3.30644 2.90756 3.43113 9.17649 -6.67668 2.49981
2.85000 0.63039 3.24348 2.94115 3.28831 8.73522 -6.23541 2.49981
2.86000 0.66249 3.17545 2.97333 3.14838 8.29803 -5.79822 2.49981
2.87000 0.69388 3.10287 3.00413 3.01172 7.86559 -5.36579 2.49981
2.88000 0.72453 3.02624 3.03358 2.87867 7.43864 -4.93883 2.49981
2.89000 0.75439 2.94601 3.06172 2.74952 7.01790 -4.51810 2.49981
2.90000 0.78344 2.86262 3.08858 2.62451 6.60415 -4.10435 2.49981
2.91000 0.81164 2.77646 3.11422 2.50384 6.19814 -3.69834 2.49981
2.92000 0.83896 2.68791 3.13868 2.38766 5.80063 -3.30082 2.49981
2.93000 0.86539 2.59727 3.16199 2.27609 5.41235 -2.91255 2.49981
2.94000 0.89090 2.50487 3.18421 2.16922 5.03403 -2.53423 2.49981
2.95000 0.91548 2.41097 3.20539 2.06707 4.66636 -2.16656 2.49981
2.96000 0.93912 2.31582 3.22557 1.96967 4.31001 -1.81020 2.49981
2.97000 0.96179 2.21962 3.24480 1.87698 3.96561 -1.46580 2.49981
2.98000 0.98351 2.12257 3.26313 1.78895 3.63375 -1.13394 2.49981
2.99000 1.00424 2.02484 3.28060 1.70551 3.31500 -0.81519 2.49981
3.00000 1.02400 1.92657 3.29725 1.62655 3.00988 -0.51007 2.49981
3.01000 1.04277 1.82789 3.31314 1.55195 2.71887 -0.21906 2.49981
3.02000 1.06056 1.72889 3.32830 1.48156 2.44242 0.05738 2.49981
3.03000 1.07735 1.62967 3.34279 1.41523 2.18095 0.31885 2.49981
3.04000 1.09315 1.53031 3.35662 1.35277 1.93483 0.56497 2.49981
3.05000 1.10796 1.43085 3.36985 1.29400 1.70441 0.79540 2.49981
3.06000 1.12177 1.33134 3.38251 1.23872 1.48999 1.00982 2.49981
3.07000 1.13458 1.23182 3.39464 1.18671 1.29186 1.20795 2.49981
3.08000 1.14640 1.13231 3.40626 1.13776 1.11026 1.38955 2.49981
3.09000 1.15723 1.03282 3.41740 1.09164 0.94542 1.55439 2.49981
3.10000 1.16706 0.93336 3.42810 1.04811 0.79754 1.70227 2.49981
3.11000 1.17590 0.83392 3.43837 1.00693 0.66678 1.83302 2.49981
3.12000 1.18374 0.73449 3.44825 0.96785 0.55331 1.94649 2.49981
3.13000 1.19059 0.63506 3.45774 0.93063 0.45725 2.04255 2.49981
3.14000 1.19644 0.53561 3.46686 0.89501 0.37871 2.12109 2.49981
3.15000 1.20130 0.43609 3.47564 0.86074 0.31778 2.18203 2.49981
3.16000 1.20516 0.33649 3.48408 0.82755 0.27453 2.22528 2.49981
3.17000 1.20803 0.23676 3.49219 0.79518 0.24901 2.25079 2.49981
3.18000 1.20990 0.13686 3.49999 0.76337 0.24127 2.25854 2.49981
3.19000 1.21076 0.03673 3.50746 0.73185 0.25131 2.24850 2.49981
3.20000 1.21063 -0.06366 3.51462 0.70036 0.27914 2.22066 2.49981
3.21000 1.20949 -0.16438 3.52147 0.66862 0.32476 2.17505 2.49981
3.22000 1.20734 -0.26548 3.52799 0.63637 0.38811 2.11169 2.49981
3.23000 1.20418 -0.36704 3.53419 0.60334 0.46916 2.03065 2.49981
3.24000 1.20000 -0.46910 3.54006 0.56925 0.56783 1.93198 2.49981
3.25000 1.19480 -0.57174 3.54557 0.53384 0.68402 1.81578 2.49981
3.26000 1.18856 -0.67502 3.55073 0.49683 0.81763 1.68217 2.49981
3.27000 1.18129 -0.77902 3.55551 0.45797 0.96852 1.53129 2.49981
3.28000 1.17298 -0.88380 3.55988 0.41699 1.13650 1.36330 2.49981
3.29000 1.16361 -0.98942 3.56384 0.37362 1.32140 1.17841 2.49981
3.30000 1.15319 -1.09596 3.56735 0.32762 1.52297 0.97684 2.49981
3.31000 1.14169 -1.20346 3.57038 0.27875 1.74094 0.75886 2.49981
3.32000 1.12911 -1.31200 3.57291 0.22676 1.97502 0.52479 2.49981
3.33000 1.11545 -1.42161 3.57490 0.17144 2.22484 0.27497 2.49981
3.34000 1.10068 -1.53232 3.57633 0.11258 2.49000 0.00981 2.49981
3.35000 1.08480 -1.64417 3.57714 0.04999 2.77003 -0.27022 2.49981
3.36000 1.06779 -1.75717 3.57731 -0.01648 3.06442 -0.56461 2.49981
3.37000 1.04965 -1.87130 3.57680 -0.08698 3.37257 -0.87276 2.49981
3.38000 1.03036 -1.98654 3.57556 -0.16160 3.69381 -1.19400 2.49981
3.39000 1.00992 -2.10284 3.57355 -0.24041 4.02740 -1.52759 2.49981
3.40000 0.98830 -2.22011 3.57074 -0.32343 4.37250 -1.87269 2.49981
3.41000 0.96551 -2.33825 3.56707 -0.41064 4.72817 -2.22837 2.49981
3.42000 0.94153 -2.45710 3.56251 -0.50195 5.09340 -2.59359 2.49981
3.43000 0.91637 -2.57650 3.55702 -0.59722 5.46703 -2.96722 2.49981
3.44000 0.89000 -2.69623 3.55056 -0.69626 5.84781 -3.34801 2.49981
3.45000 0.86244 -2.81602 3.54308 -0.79879 6.23437 -3.73457 2.49981
3.46000 0.83368 -2.93558 3.53457 -0.90448 6.62523 -4.12542 2.49981
3.47000 0.80373 -3.05457 3.52498 -1.01290 7.01876 -4.51895 2.49981
3.48000 0.77260 -3.17261 3.51430 -1.12358 7.41324 -4.91343 2.49981
3.49000 0.74028 -3.28928 3.50251 -1.23595 7.80681 -5.30700 2.49981
3.50000 0.70682 -3.40412 3.48958 -1.34940 8.19752 -5.69771 2.49981
3.51000 0.67221 -3.51665 3.47552 -1.46325 8.58330 -6.08349 2.49981
3.52000 0.63649 -3.62636 3.46032 -1.57674 8.96200 -6.46219 2.49981
3.53000 0.59969 -3.73272 3.44399 -1.68910 9.33140 -6.83159 2.49981
3.54000 0.56185 -3.83518 3.42654 -1.79949 9.68921 -7.18941 2.49981
3.55000 0.52300 -3.93319 3.40801 -1.90709 10.03313 -7.53332 2.49981
3.56000 0.48320 -4.02621 3.38841 -2.01103 10.36083 -7.86102 2.49981
3.57000 0.44250 -4.11369 3.36780 -2.11045 10.67001 -8.17021 2.49981
3.58000 0.40095 -4.19512 3.34622 -2.20452 10.95843 -8.45862 2.49981
3.59000 0.35862 -4.27001 3.32373 -2.29245 11.22390 -8.72410 2.49981
3.60000 0.31557 -4.33788 3.30039 -2.37345 11.46438 -8.96457 2.49981
3.61000 0.27189 -4.39833 3.27629 -2.44683 11.67794 -9.17814 2.49981
3.62000 0.22763 -4.45097 3.25149 -2.51196 11.86285 -9.36305 2.49981
3.63000 0.18289 -4.49547 3.22608 -2.56825 12.01756 -9.51776 2.49981
3.64000 0.13775 -4.53156 3.20015 -2.61525 12.14077 -9.64096 2.49981
3.65000 0.09229 -4.55901 3.17380 -2.65255 12.23140 -9.73159 2.49981
3.66000 0.04660 -4.57767 3.14713 -2.67988 12.28866 -9.78885 2.49981
3.67000 0.00077 -4.58742 3.12024 -2.69704 12.31204 -9.81223 2.49981
3.68000 -0.04512 -4.58824 3.09323 -2.70394 12.30131 -9.80151 2.49981
3.69000 -0.09097 -4.58012 3.06620 -2.70059 12.25655 -9.75675 2.49981
3.70000 -0.13669 -4.56315 3.03925 -2.68712 12.17813 -9.67832 2.49981
3.71000 -0.18220 -4.53745 3.01249 -2.66372 12.06668 -9.56688 2.49981
3.72000 -0.22741 -4.50322 2.98601 -2.63073 11.92315 -9.42334 2.49981
3.73000 -0.27224 -4.46069 2.95990 -2.58852 11.74871 -9.24890 2.49981
3.74000 -0.31660 -4.41016 2.93427 -2.53759 11.54477 -9.04497 2.49981
3.75000 -0.36042 -4.35196 2.90918 -2.47848 11.31299 -8.81318 2.49981
3.76000 -0.40361 -4.28647 2.88472 -2.41183 11.05516 -8.55536 2.49981
3.77000 -0.44612 -4.21411 2.86096 -2.33832 10.77329 -8.27348 2.49981
3.78000 -0.48787 -4.13532 2.83798 -2.25867 10.46946 -7.96965 2.49981
3.79000 -0.52881 -4.05059 2.81581 -2.17366 10.14589 -7.64608 2.49981
3.80000 -0.56887 -3.96039 2.79452 -2.08407 9.80483 -7.30503 2.49981
3.81000 -0.60800 -3.86525 2.77414 -1.99070 9.44860 -6.94880 2.49981
3.82000 -0.64616 -3.76568 2.75471 -1.89435 9.07952 -6.57971 2.49981
3.83000 -0.68330 -3.66218 2.73626 -1.79582 8.69987 -6.20006 2.49981
3.84000 -0.71939 -3.55527 2.71880 -1.69588 8.31191 -5.81211 2.49981
3.85000 -0.75440 -3.44545 2.70235 -1.59526 7.91785 -5.41804 2.49981
3.86000 -0.78829 -3.33318 2.68690 -1.49465 7.51979 -5.01999 2.49981
3.87000 -0.82105 -3.21893 2.67245 -1.39470 7.11978 -4.61997 2.49981
3.88000 -0.85266 -3.10311 2.65900 -1.29601 6.71971 -4.21991 2.49981
3.89000 -0.88311 -2.98613 2.64652 -1.19911 6.32142 -3.82162 2.49981
3.90000 -0.91238 -2.86834 2.63501 -1.10447 5.92659 -3.42679 2.49981
3.91000 -0.94048 -2.75007 2.62443 -1.01250 5.53681 -3.03700 2.49981
3.92000 -0.96739 -2.63161 2.61475 -0.92353 5.15351 -2.65371 2.49981
3.93000 -0.99311 -2.51321 2.60594 -0.83785 4.77806 -2.27825 2.49981
3.94000 -1.01765 -2.39509 2.59798 -0.75568 4.41165 -1.91184 2.49981
3.95000 -1.04101 -2.27743 2.59082 -0.67718 4.05541 -1.55561 2.49981
3.96000 -1.06320 -2.16039 2.58442 -0.60244 3.71034 -1.21054 2.49981
3.97000 -1.08422 -2.04407 2.57876 -0.53154 3.37735 -0.87754 2.49981
3.98000 -1.10409 -1.92857 2.57378 -0.46447 3.05724 -0.55744 2.49981
3.99000 -1.12280 -1.81396 2.56945 -0.40121 2.75075 -0.25094 2.49981
4.00000 -1.14037 -1.70028 2.56574 -0.34168 2.45851 0.04130 2.49981
4.01000 -1.15681 -1.58755 2.56261 -0.28579 2.18110 0.31871 2.49981
4.02000 -1.17212 -1.47576 2.56002 -0.23339 1.91902 0.58079 2.49981
4.03000 -1.18632 -1.36492 2.55793 -0.18434 1.67272 0.82709 2.49981
4.04000 -1.19942 -1.25499 2.55632 -0.13846 1.44258 1.05723 2.49981
4.05000 -1.21143 -1.14594 2.55515 -0.09555 1.22894 1.27087 2.49981
4.06000 -1.22235 -1.03771 2.55440 -0.05541 1.03210 1.46770 2.49981
4.07000 -1.23218 -0.93027 2.55403 -0.01780 0.85231 1.64749 2.49981
4.08000 -1.24095 -0.82353 2.55403 0.01750 0.68980 1.81001 2.49981
4.09000 -1.24866 -0.71744 2.55438 0.05073 0.54474 1.95507 2.49981
4.10000 -1.25530 -0.61194 2.55504 0.08215 0.41729 2.08252 2.49981
4.11000 -1.26090 -0.50694 2.55601 0.11201 0.30758 2.19223 2.49981
4.12000 -1.26544 -0.40238 2.55728 0.14056 0.21572 2.28408 2.49981
4.13000 -1.26895 -0.29818 2.55882 0.16807 0.14180 2.35800 2.49981
4.14000 -1.27141 -0.19426 2.56064 0.19480 0.08588 2.41392 2.49981
4.15000 -1.27283 -0.09054 2.56272 0.22101 0.04800 2.45180 2.49981
4.16000 -1.27322 0.01304 2.56506 0.24698 0.02820 2.47161 2.49981
4.17000 -1.27257 0.11656 2.56766 0.27298 0.02648 2.47333 2.49981
4.18000 -1.27089 0.22010 2.57052 0.29926 0.04284 2.45697 2.49981
4.19000 -1.26817 0.32373 2.57364 0.32610 0.07724 2.42256 2.49981
4.20000 -1.26441 0.42753 2.57704 0.35376 0.12966 2.37014 2.49981
4.21000 -1.25962 0.53156 2.58072 0.38252 0.20004 2.29977 2.49981
4.22000 -1.25378 0.63589 2.58470 0.41264 0.28828 2.21153 2.49981
4.23000 -1.24690 0.74060 2.58898 0.44438 0.39430 2.10551 2.49981
4.24000 -1.23897 0.84573 2.59359 0.47800 0.51797 1.98184 2.49981
4.25000 -1.22998 0.95136 2.59855 0.51377 0.65915 1.84066 2.49981
4.26000 -1.21994 1.05754 2.60387 0.55194 0.81766 1.68215 2.49981
4.27000 -1.20883 1.16432 2.60960 0.59275 0.99331 1.50650 2.49981
4.28000 -1.19665 1.27175 2.61574 0.63646 1.18586 1.31395 2.49981
4.29000 -1.18339 1.37988 2.62233 0.68329 1.39505 1.10476 2.49981
4.30000 -1.16905 1.48872 2.62942 0.73348 1.62056 0.87924 2.49981
4.31000 -1.15362 1.59831 2.63702 0.78725 1.86206 0.63775 2.49981
4.32000 -1.13708 1.70866 2.64517 0.84480 2.11914 0.38067 2.49981
4.33000 -1.11944 1.81978 2.65393 0.90632 2.39136 0.10845 2.49981
4.34000 -1.10068 1.93166 2.66331 0.97200 2.67821 -0.17841 2.49981
4.35000 -1.08080 2.04427 2.67338 1.04197 2.97914 -0.47933 2.49981
4.36000 -1.05980 2.15757 2.68417 1.11640 3.29352 -0.79371 2.49981
4.37000 -1.03765 2.27150 2.69572 1.19537 3.62064 -1.12083 2.49981
4.38000 -1.01436 2.38600 2.70809 1.27899 3.95974 -1.45993 2.49981
4.39000 -0.98993 2.50095 2.72132 1.36730 4.30996 -1.81015 2.49981
4.40000 -0.96434 2.61625 2.73545 1.46033 4.67037 -2.17057 2.49981
4.41000 -0.93760 2.73173 2.75054 1.55808 5.03995 -2.54015 2.49981
4.42000 -0.90971 2.84724 2.76663 1.66050 5.41760 -2.91779 2.49981
4.43000 -0.88066 2.96259 2.78377 1.76750 5.80210 -3.30230 2.49981
4.44000 -0.85046 3.07754 2.80199 1.87898 6.19218 -3.69238 2.49981
4.45000 -0.81911 3.19185 2.82136 1.99477 6.58646 -4.08665 2.49981
4.46000 -0.78662 3.30525 2.84190 2.11468 6.98347 -4.48366 2.49981
4.47000 -0.75301 3.41745 2.86367 2.23847 7.38167 -4.88187 2.49981
4.48000 -0.71828 3.52813 2.88669 2.36589 7.77945 -5.27965 2.49981
4.49000 -0.68245 3.63694 2.91100 2.49662 8.17514 -5.67534 2.49981
4.50000 -0.64555 3.74354 2.93663 2.63035 8.56701 -6.06720 2.49981
4.51000 -0.60759 3.84756 2.96361 2.76671 8.95330 -6.45349 2.49981
4.52000 -0.56861 3.94860 2.99197 2.90535 9.33223 -6.83243 2.49981
4.53000 -0.52863 4.04629 3.02172 3.04586 9.70205 -7.20224 2.49981
4.54000 -0.48769 4.14024 3.05289 3.18787 10.06099 -7.56118 2.49981
4.55000 -0.44584 4.23004 3.08549 3.33097 10.40737 -7.90757 2.49981
4.56000 -0.40311 4.31531 3.11951 3.47477 10.73958 -8.23977 2.49981
4.57000 -0.35955 4.39566 3.15498 3.61888 11.05609 -8.55629 2.49981
4.58000 -0.31521 4.47074 3.19189 3.76293 11.35554 -8.85574 2.49981
4.59000 -0.27015 4.54016 3.23024 3.90656 11.63671 -9.13690 2.49981
4.60000 -0.22443 4.60358 3.27002 4.04945 11.89855 -9.39874 2.49981
4.61000 -0.17810 4.66067 3.31122 4.19126 12.14025 -9.64044 2.49981
4.62000 -0.13124 4.71109 3.35384 4.33169 12.36122 -9.86142 2.49981
4.63000 -0.08390 4.75455 3.39785 4.47048 12.56113 -10.06133 2.49981
4.64000 -0.03617 4.79073 3.44324 4.60735 12.73992 -10.24011 2.49981
4.65000 0.01188 4.81933 3.48999 4.74204 12.89780 -10.39800 2.49981
4.66000 0.06019 4.84008 3.53808 4.87430 13.03529 -10.53549 2.49981
4.67000 0.10866 4.85266 3.58747 5.00388 13.15319 -10.65338 2.49981
4.68000 0.15721 4.85679 3.63814 5.13051 13.25259 -10.75278 2.49981
4.69000 0.20577 4.85215 3.69007 5.25390 13.33485 -10.83504 2.49981
4.70000 0.25423 4.83842 3.74321 5.37373 13.40161 -10.90180 2.49981
4.71000 0.30250 4.81527 3.79753 5.48965 13.45474 -10.95494 2.49981
4.72000 0.35050 4.78234 3.85299 5.60126 13.49634 -10.99654 2.49981
4.73000 0.39812 4.73926 3.90954 5.70811 13.52868 -11.02887 2.49981
4.74000 0.44525 4.68563 3.96713 5.80970 13.55417 -11.05437 2.49981
4.75000 0.49179 4.62106 4.02571 5.90547 13.57536 -11.07556 2.49981
4.76000 0.53763 4.54513 4.08522 5.99482 13.59485 -11.09504 2.49981
4.77000 0.58266 4.45747 4.14559 6.07711 13.61524 -11.11544 2.49981
4.78000 0.62674 4.35770 4.20674 6.15170 13.63914 -11.13934 2.49981
4.79000 0.66977 4.24550 4.26859 6.21794 13.66909 -11.16928 2.49981
4.80000 0.71161 4.12064 4.33107 6.27519 13.70749 -11.20768 2.49981
4.81000 0.75214 3.98294 4.39407 6.32292 13.75663 -11.25683 2.49981
4.82000 0.79123 3.83237 4.45749 6.36067 13.81861 -11.31881 2.49981
4.83000 0.82874 3.66904 4.52124 6.38812 13.89533 -11.39552 2.49981
4.84000 0.86456 3.49320 4.58522 6.40513 13.98846 -11.48865 2.49981
4.85000 0.89857 3.30530 4.64931 6.41176 14.09944 -11.59963 2.49981
4.86000 0.93063 3.10594 4.71342 6.40830 14.22949 -11.72968 2.49981
4.87000 0.96065 2.89590 4.77745 6.39527 14.37959 -11.87978 2.49981
4.88000 0.98852 2.67611 4.84130 6.37344 14.55049 -12.05069 2.49981
4.89000 1.01414 2.44763 4.90489 6.34382 14.74277 -12.24297 2.49981
4.90000 1.03744 2.21159 4.96815 6.30761 14.95681 -12.45701 2.49981
4.91000 1.05835 1.96920 5.03102 6.26624 15.19283 -12.69302 2.49981
4.92000 1.07681 1.72166 5.09346 6.22124 15.45091 -12.95111 2.49981
4.93000 1.09277 1.47010 5.15544 6.17430 15.73104 -13.23123 2.49981
4.94000 1.10620 1.21560 5.21695 6.12716 16.03309 -13.53328 2.49981
4.95000 1.11708 0.95908 5.27799 6.08163 16.35687 -13.85706 2.49981
4.96000 1.12538 0.70132 5.33859 6.03952 16.70212 -14.20231 2.49981
4.97000 1.13110 0.44289 5.39880 6.00267 17.06852 -14.56872 2.49981
4.98000 1.13424 0.18413 5.45867 5.97292 17.45573 -14.95592 2.49981
4.99000 1.13478 -0.07484 5.51829 5.95212 17.86332 -15.36352 2.49981
5.00000 1.13274 -0.33417 5.57775 5.94215 18.29085 -15.79104 2.49981
5.01000 1.12810 -0.59428 5.63717 5.94495 18.73778 -16.23798 2.49981
5.02000 1.12085 -0.85590 5.69670 5.96260 19.20353 -16.70373 2.49981
5.03000 1.11097 -1.12006 5.75648 5.99732 19.68741 -17.18760 2.49981
5.04000 1.09844 -1.38818 5.81671 6.05161 20.18860 -17.68879 2.49981
5.05000 1.08319 -1.66205 5.87759 6.12831 20.70611 -18.20630 2.49981
5.06000 1.06517 -1.94394 5.93936 6.23075 21.23875 -18.73894 2.49981
5.07000 1.04428 -2.23666 6.00230 6.36288 21.78498 -19.28517 2.49981
5.08000 1.02039 -2.54364 6.06673 6.52944 22.34287 -19.84306 2.49981
5.09000 0.99334 -2.86899 6.13302 6.73611 22.90985 -20.41004 2.49981
5.10000 0.96293 -3.21754 6.20161 6.98956 23.48251 -20.98270 2.49981
5.11000 0.92890 -3.59458 6.27300 7.29727 24.05617 -21.55636 2.49981
5.12000 0.89093 -4.00516 6.34776 7.66657 24.62428 -22.12449 2.49980
5.13000 0.84867 -4.45208 6.42655 8.10203 25.17759 -22.67782 2.49977
5.14000 0.80178 -4.93122 6.51001 8.59909 25.70282 -23.20309 2.49973
5.15000 0.75000 -5.42238 6.59865 9.13147 26.18129 -23.68159 2.49970
5.16000 0.69345 -5.87591 6.69254 9.63252 26.58793 -24.08816 2.49977
5.17000 0.63289 -6.20716 6.79082 9.98681 26.89298 -24.39296 2.50002
5.18000 0.57002 -6.32650 6.89136 10.07091 27.06899 -24.56884 2.50015
5.19000 0.50718 -6.20552 6.99118 9.84436 27.10247 -24.60256 2.49991
5.20000 0.44652 -5.90360 7.08747 9.38654 27.00046 -24.50082 2.49964
5.21000 0.38939 -5.51539 7.17857 8.82466 26.78425 -24.28468 2.49957
5.22000 0.33625 -5.11364 7.26395 8.25550 26.47900 -23.97941 2.49959
5.23000 0.28703 -4.73610 7.34382 7.72792 26.10734 -23.60771 2.49963
5.24000 0.24140 -4.39643 7.41870 7.25829 25.68726 -23.18762 2.49964
5.25000 0.19897 -4.09627 7.48918 6.84701 25.23240 -22.73275 2.49965
5.26000 0.15936 -3.83242 7.55582 6.48837 24.75290 -22.25325 2.49965
5.27000 0.12222 -3.60026 7.61910 6.17508 24.25636 -21.75671 2.49965
5.28000 0.08726 -3.39519 7.67945 5.90014 23.74851 -21.24886 2.49965
5.29000 0.05424 -3.21310 7.73721 5.65742 23.23373 -20.73408 2.49965
5.30000 0.02293 -3.05050 7.79269 5.44177 22.71543 -20.21578 2.49965
5.31000 -0.00683 -2.90451 7.84612 5.24897 22.19630 -19.69665 2.49965
5.32000 -0.03520 -2.77274 7.89773 5.07552 21.67847 -19.17882 2.49965
5.33000 -0.06232 -2.65320 7.94769 4.91859 21.16365 -18.66400 2.49965
5.34000 -0.08830 -2.54426 7.99615 4.77583 20.65325 -18.15360 2.49965
5.35000 -0.11324 -2.44457 8.04324 4.64531 20.14838 -17.64874 2.49965
5.36000 -0.13722 -2.35298 8.08909 4.52544 19.65000 -17.15035 2.49965
5.37000 -0.16032 -2.26851 8.13378 4.41491 19.15885 -16.65920 2.49965
5.38000 -0.18261 -2.19033 8.17742 4.31261 18.67556 -16.17592 2.49965
5.39000 -0.20415 -2.11771 8.22006 4.21767 18.20066 -15.70101 2.49965
5.40000 -0.22498 -2.05002 8.26179 4.12932 17.73455 -15.23490 2.49965
5.41000 -0.24516 -1.98668 8.30267 4.04698 17.27757 -14.77792 2.49965
5.42000 -0.26473 -1.92716 8.34275 3.97018 16.82999 -14.33034 2.49965
5.43000 -0.28372 -1.87098 8.38209 3.89853 16.39202 -13.89238 2.49965
5.44000 -0.30216 -1.81768 8.42074 3.83178 15.96384 -13.46419 2.49965
5.45000 -0.32008 -1.76681 8.45874 3.76973 15.54556 -13.04591 2.49964
5.46000 -0.33750 -1.71796 8.49615 3.71229 15.13728 -12.63764 2.49964
5.47000 -0.35444 -1.67071 8.53300 3.65939 14.73909 -12.23945 2.49964
5.48000 -0.37092 -1.62468 8.56935 3.61107 14.35105 -11.85140 2.49964
5.49000 -0.38694 -1.57947 8.60524 3.56736 13.97322 -11.47358 2.49964
5.50000 -0.40251 -1.53474 8.64071 3.52834 13.60567 -11.10603 2.49964
5.51000 -0.41764 -1.49017 8.67582 3.49407 13.24849 -10.74884 2.49964
5.52000 -0.43231 -1.44549 8.71061 3.46463 12.90177 -10.40213 2.49964
5.53000 -0.44654 -1.40047 8.74513 3.44005 12.56566 -10.06601 2.49964
5.54000 -0.46032 -1.35494 8.77943 3.42030 12.24030 -9.74066 2.49964
5.55000 -0.47364 -1.30882 8.81355 3.40531 11.92591 -9.42626 2.49964
5.56000 -0.48650 -1.26209 8.84755 3.39493 11.62271 -9.12306 2.49964
5.57000 -0.49888 -1.21478 8.88146 3.38896 11.33097 -8.83133 2.49964
5.58000 -0.51079 -1.16702 8.91534 3.38711 11.05100 -8.55136 2.49964
5.59000 -0.52222 -1.11897 8.94922 3.38907 10.78312 -8.28348 2.49964
5.60000 -0.53317 -1.07085 8.98313 3.39447 10.52767 -8.02803 2.49964
5.61000 -0.54364 -1.02290 9.01712 3.40293 10.28500 -7.78536 2.49964
5.62000 -0.55363 -0.97538 9.05120 3.41407 10.05547 -7.55583 2.49964
5.63000 -0.56315 -0.92854 9.08541 3.42753 9.83943 -7.33978 2.49964
5.64000 -0.57220 -0.88264 9.11976 3.44298 9.63720 -7.13756 2.49964
5.65000 -0.58080 -0.83791 9.15427 3.46012 9.44912 -6.94948 2.49964
5.66000 -0.58897 -0.79457 9.18897 3.47869 9.27548 -6.77584 2.49964
5.67000 -0.59670 -0.75280 9.22385 3.49850 9.11655 -6.61691 2.49964
5.68000 -0.60403 -0.71276 9.25894 3.51939 8.97258 -6.47293 2.49964
5.69000 -0.61096 -0.67459 9.29424 3.54125 8.84378 -6.34413 2.49964
5.70000 -0.61753 -0.63841 9.32977 3.56401 8.73034 -6.23070 2.49964
5.71000 -0.62374 -0.60431 9.36552 3.58763 8.63244 -6.13279 2.49964
5.72000 -0.62962 -0.57238 9.40152 3.61211 8.55020 -6.05055 2.49964
5.73000 -0.63519 -0.54269 9.43777 3.63747 8.48374 -5.98409 2.49964
5.74000 -0.64048 -0.51529 9.47427 3.66376 8.43315 -5.93350 2.49964
5.75000 -0.64551 -0.49025 9.51105 3.69103 8.39849 -5.89885 2.49964
5.76000 -0.65029 -0.46763 9.54810 3.71938 8.37982 -5.88018 2.49964
5.77000 -0.65487 -0.44747 9.58544 3.74887 8.37717 -5.87753 2.49964
5.78000 -0.65925 -0.42984 9.62308 3.77963 8.39054 -5.89090 2.49964
5.79000 -0.66347 -0.41479 9.66104 3.81176 8.41994 -5.92030 2.49964
5.80000 -0.66756 -0.40239 9.69932 3.84537 8.46535 -5.96570 2.49964
5.81000 -0.67153 -0.39272 9.73795 3.88061 8.52672 -6.02708 2.49964
5.82000 -0.67542 -0.38584 9.77694 3.91760 8.60401 -6.10437 2.49964
5.83000 -0.67926 -0.38186 9.81631 3.95651 8.69716 -6.19751 2.49964
5.84000 -0.68307 -0.38086 9.85608 3.99750 8.80608 -6.30643 2.49964
5.85000 -0.68688 -0.38295 9.89627 4.04073 8.93067 -6.43103 2.49964
5.86000 -0.69074 -0.38826 9.93690 4.08642 9.07084 -6.57119 2.49964
5.87000 -0.69466 -0.39692 9.97800 4.13476 9.22644 -6.72680 2.49964
5.88000 -0.69869 -0.40906 10.01960 4.18599 9.39734 -6.89770 2.49964
5.89000 -0.70285 -0.42486 10.06173 4.24038 9.58336 -7.08372 2.49964
5.90000 -0.70720 -0.44450 10.10442 4.29820 9.78432 -7.28467 2.49964
5.91000 -0.71176 -0.46818 10.14771 4.35978 9.99999 -7.50035 2.49964
5.92000 -0.71657 -0.49612 10.19163 4.42548 10.23015 -7.73050 2.49964
5.93000 -0.72169 -0.52858 10.23623 4.49570 10.47451 -7.97486 2.49964
5.94000 -0.72716 -0.56584 10.28156 4.57091 10.73276 -8.23311 2.49964
5.95000 -0.73303 -0.60821 10.32767 4.65161 11.00454 -8.50490 2.49965
5.96000 -0.73934 -0.65604 10.37462 4.73840 11.28946 -8.78981 2.49965
5.97000 -0.74617 -0.70973 10.42246 4.83194 11.58704 -9.08740 2.49965
5.98000 -0.75356 -0.76973 10.47128 4.93299 11.89676 -9.39712 2.49965
5.99000 -0.76159 -0.83651 10.52115 5.04240 12.21800 -9.71836 2.49965
6.00000 -0.77031 -0.91063 10.57216 5.16114 12.55005 -10.05040 2.49965
6.01000 -0.77982 -0.99267 10.62441 5.29027 12.89206 -10.39242 2.49965
6.02000 -0.79020 -1.08324 10.67800 5.43098 13.24307 -10.74342 2.49965
6.03000 -0.80152 -1.18297 10.73307 5.58452 13.60192 -11.10227 2.49965
6.04000 -0.81389 -1.29244 10.78974 5.75220 13.96723 -11.46759 2.49965
6.05000 -0.82740 -1.41208 10.84816 5.93519 14.33740 -11.83775 2.49964
6.06000 -0.84216 -1.54198 10.90850 6.13443 14.71047 -12.21083 2.49964
6.07000 -0.85827 -1.68165 10.97091 6.35017 15.08414 -12.58450 2.49964
6.08000 -0.87582 -1.82950 11.03555 6.58141 15.45566 -12.95602 2.49964
6.09000 -0.89488 -1.98220 11.10258 6.82500 15.82183 -13.32219 2.49964
6.10000 -0.91547 -2.13367 11.17207 7.07434 16.17897 -13.67933 2.49964
6.11000 -0.93752 -2.27412 11.24405 7.31798 16.52306 -14.02342 2.49964
6.12000 -0.96086 -2.38946 11.31836 7.53877 16.85001 -14.35036 2.49965
6.13000 -0.98517 -2.46212 11.39467 7.71486 17.15617 -14.65651 2.49966
6.14000 -1.00990 -2.47446 11.47243 7.82408 17.43903 -14.93936 2.49967
6.15000 -1.03441 -2.41430 11.55088 7.85124 17.69796 -15.19829 2.49967
6.16000 -1.05794 -2.27977 11.62917 7.79456 17.93455 -15.43489 2.49965
6.17000 -1.07979 -2.08009 11.70653 7.66665 18.15236 -15.65272 2.49964
6.18000 -1.09938 -1.83150 11.78234 7.48883 18.35623 -15.85660 2.49963
6.19000 -1.11631 -1.55147 11.85622 7.28356 18.55129 -16.05167 2.49963
6.20000 -1.13035 -1.25468 11.92798 7.06905 18.74240 -16.24277 2.49963
6.21000 -1.14139 -0.95162 11.99761 6.85753 18.93369 -16.43406 2.49963
6.22000 -1.14939 -0.64886 12.06516 6.65588 19.12853 -16.62890 2.49963
6.23000 -1.15438 -0.35015 12.13077 6.46703 19.32958 -16.82995 2.49963
6.24000 -1.15641 -0.05735 12.19455 6.29141 19.53885 -17.03922 2.49963
6.25000 -1.15555 0.22875 12.25664 6.12797 19.75787 -17.25824 2.49963
6.26000 -1.15186 0.50798 12.31714 5.97484 19.98777 -17.48814 2.49963
6.27000 -1.14541 0.78037 12.37616 5.82980 20.22933 -17.72970 2.49963
6.28000 -1.13627 1.04608 12.43376 5.69050 20.48309 -17.98346 2.49963
6.29000 -1.12451 1.30521 12.48998 5.55458 20.74936 -18.24973 2.49963
6.30000 -1.11019 1.55779 12.54485 5.41977 21.02827 -18.52864 2.49963
6.31000 -1.09338 1.80377 12.59837 5.28393 21.31977 -18.82014 2.49963
6.32000 -1.07414 2.04298 12.65052 5.14506 21.62366 -19.12403 2.49963
6.33000 -1.05254 2.27521 12.70126 5.00134 21.93959 -19.43996 2.49963
6.34000 -1.02866 2.50018 12.75053 4.85109 22.26707 -19.76744 2.49963
6.35000 -1.00256 2.71755 12.79825 4.69283 22.60546 -20.10583 2.49963
6.36000 -0.97433 2.92703 12.84435 4.52526 22.95398 -20.45435 2.49963
6.37000 -0.94405 3.12832 12.88872 4.34727 23.31173 -20.81210 2.49963
6.38000 -0.91179 3.32118 12.93126 4.15795 23.67764 -21.17801 2.49963
6.39000 -0.87765 3.50546 12.97184 3.95658 24.05054 -21.55091 2.49963
6.40000 -0.84171 3.68111 13.01035 3.74263 24.42910 -21.92947 2.49963
6.41000 -0.80406 3.84823 13.04665 3.51575 24.81190 -22.31226 2.49963
6.42000 -0.76478 4.00704 13.08062 3.27577 25.19737 -22.69773 2.49963
6.43000 -0.72395 4.15793 13.11212 3.02266 25.58386 -23.08422 2.49963
6.44000 -0.68164 4.30147 13.14103 2.75652 25.96960 -23.46997 2.49963
6.45000 -0.63794 4.43841 13.16721 2.47751 26.35275 -23.85311 2.49963
6.46000 -0.59289 4.56970 13.19054 2.18589 26.73135 -24.23171 2.49963
6.47000 -0.54656 4.69644 13.21089 1.88190 27.10335 -24.60372 2.49963
6.48000 -0.49898 4.81997 13.22814 1.56578 27.46661 -24.96698 2.49963
6.49000 -0.45017 4.94177 13.24216 1.23766 27.81885 -25.31922 2.49963
6.50000 -0.40014 5.06351 13.25285 0.89761 28.15763 -25.65800 2.49963
6.51000 -0.34889 5.18704 13.26008 0.54554 28.48031 -25.98068 2.49963
6.52000 -0.29639 5.31433 13.26372 0.18123 28.78398 -26.28435 2.49963
6.53000 -0.24258 5.44747 13.26366 -0.19566 29.06538 -26.56575 2.49963
6.54000 -0.18741 5.58856 13.25976 -0.58546 29.32077 -26.82114 2.49963
6.55000 -0.13078 5.73957 13.25191 -0.98834 29.54581 -27.04618 2.49963
6.56000 -0.07258 5.90204 13.23995 -1.40385 29.73538 -27.23575 2.49963
6.57000 -0.01270 6.07659 13.22379 -1.83023 29.88335 -27.38372 2.49963
6.58000 0.04899 6.26209 13.20333 -2.26321 29.98244 -27.48281 2.49962
6.59000 0.11257 6.45432 13.17853 -2.69413 30.02402 -27.52440 2.49962
6.60000 0.17807 6.64426 13.14950 -3.10753 29.99821 -27.49859 2.49962
6.61000 0.24539 6.81648 13.11652 -3.47899 29.89434 -27.39471 2.49963
6.62000 0.31426 6.94911 13.08017 -3.77533 29.70210 -27.20245 2.49966
6.63000 0.38416 7.01784 13.04139 -3.96042 29.41353 -26.91384 2.49968
6.64000 0.45434 7.00431 13.00143 -4.00764 29.02538 -26.52569 2.49969
6.65000 0.52396 6.90511 12.96171 -3.91264 28.54085 -26.04118 2.49967
6.66000 0.59220 6.73378 12.92358 -3.69623 27.96934 -25.46970 2.49963
6.67000 0.65847 6.51406 12.88807 -3.39452 27.32434 -24.82472 2.49961
6.68000 0.72241 6.27020 12.85585 -3.04479 26.62070 -24.12109 2.49961
6.69000 0.78386 6.02094 12.82724 -2.67657 25.87246 -23.37285 2.49961
6.70000 0.84285 5.77806 12.80231 -2.30938 25.09179 -22.59218 2.49961
6.71000 0.89946 5.54768 12.78101 -1.95445 24.28874 -21.78912 2.49962
6.72000 0.95385 5.33216 12.76317 -1.61738 23.47136 -20.97174 2.49962
6.73000 1.00616 5.13165 12.74859 -1.30037 22.64608 -20.14646 2.49962
6.74000 1.05653 4.94516 12.73709 -1.00375 21.81801 -19.31839 2.49962
6.75000 1.10510 4.77118 12.72845 -0.72693 20.99127 -18.49165 2.49962
6.76000 1.15199 4.60806 12.72249 -0.46890 20.16919 -17.66957 2.49962
6.77000 1.19729 4.45417 12.71902 -0.22856 19.35447 -16.85485 2.49962
6.78000 1.24110 4.30801 12.71786 -0.00481 18.54937 -16.04975 2.49962
6.79000 1.28348 4.16824 12.71887 0.20332 17.75577 -15.25615 2.49962
6.80000 1.32448 4.03369 12.72188 0.39671 16.97522 -14.47560 2.49962
6.81000 1.36416 3.90335 12.72676 0.57614 16.20907 -13.70945 2.49962
6.82000 1.40256 3.77635 12.73336 0.74227 15.45842 -12.95880 2.49962
6.83000 1.43970 3.65196 12.74156 0.89568 14.72423 -12.22462 2.49962
6.84000 1.47561 3.52961 12.75123 1.03690 14.00730 -11.50768 2.49962
6.85000 1.51030 3.40878 12.76226 1.16640 13.30830 -10.80868 2.49962
6.86000 1.54378 3.28910 12.77452 1.28461 12.62777 -10.12815 2.49962
6.87000 1.57608 3.17025 12.78791 1.39195 11.96617 -9.46656 2.49962
6.88000 1.60719 3.05202 12.80233 1.48882 11.32387 -8.82426 2.49962
6.89000 1.63712 2.93422 12.81766 1.57560 10.70115 -8.20153 2.49962
6.90000 1.66588 2.81676 12.83381 1.65268 10.09821 -7.59859 2.49962
6.91000 1.69346 2.69958 12.85068 1.72045 9.51519 -7.01558 2.49962
6.92000 1.71987 2.58264 12.86818 1.77931 8.95219 -6.45258 2.49962
6.93000 1.74511 2.46597 12.88624 1.82966 8.40924 -5.90962 2.49962
6.94000 1.76919 2.34961 12.90475 1.87189 7.88632 -5.38670 2.49962
6.95000 1.79211 2.23360 12.92365 1.90642 7.38340 -4.88378 2.49962
6.96000 1.81386 2.11803 12.94285 1.93366 6.90039 -4.40077 2.49962
6.97000 1.83447 2.00298 12.96230 1.95403 6.43719 -3.93758 2.49962
6.98000 1.85393 1.88854 12.98191 1.96794 5.99368 -3.49407 2.49962
6.99000 1.87224 1.77481 13.00164 1.97580 5.56972 -3.07010 2.49962
7.00000 1.88942 1.66187 13.02141 1.97803 5.16514 -2.66553 2.49962
7.01000 1.90548 1.54981 13.04118 1.97503 4.77980 -2.28019 2.49962
7.02000 1.92042 1.43872 13.06090 1.96720 4.41353 -1.91392 2.49962
7.03000 1.93426 1.32867 13.08051 1.95494 4.06616 -1.56655 2.49962
7.04000 1.94700 1.21973 13.09998 1.93862 3.73754 -1.23792 2.49962
7.05000 1.95866 1.11195 13.11927 1.91863 3.42750 -0.92788 2.49962
7.06000 1.96924 1.00537 13.13834 1.89532 3.13588 -0.63627 2.49962
7.07000 1.97877 0.90003 13.15717 1.86905 2.86256 -0.36294 2.49962
7.08000 1.98725 0.79595 13.17571 1.84015 2.60739 -0.10777 2.49962
7.09000 1.99469 0.69314 13.19396 1.80896 2.37025 0.12936 2.49962
7.10000 2.00112 0.59159 13.21189 1.77580 2.15103 0.34858 2.49962
7.11000 2.00653 0.49128 13.22947 1.74097 1.94964 0.54998 2.49962
7.12000 2.01095 0.39220 13.24670 1.70477 1.76598 0.73364 2.49962
7.13000 2.01438 0.29429 13.26356 1.66748 1.59998 0.89963 2.49962
7.14000 2.01684 0.19752 13.28005 1.62940 1.45160 1.04802 2.49962
7.15000 2.01833 0.10181 13.29615 1.59079 1.32078 1.17884 2.49962
7.16000 2.01887 0.00711 13.31186 1.55190 1.20749 1.29213 2.49962
7.17000 2.01848 -0.08666 13.32719 1.51301 1.11172 1.38790 2.49962
7.18000 2.01714 -0.17960 13.34213 1.47435 1.03346 1.46616 2.49962
7.19000 2.01489 -0.27181 13.35668 1.43619 0.97273 1.52688 2.49962
7.20000 2.01171 -0.36337 13.37085 1.39876 0.92956 1.57006 2.49962
7.21000 2.00762 -0.45441 13.38466 1.36231 0.90397 1.59564 2.49962
7.22000 2.00262 -0.54506 13.39810 1.32707 0.89603 1.60358 2.49962
7.23000 1.99672 -0.63542 13.41120 1.29330 0.90580 1.59381 2.49962
7.24000 1.98992 -0.72565 13.42397 1.26124 0.93336 1.56626 2.49962
7.25000 1.98221 -0.81588 13.43643 1.23113 0.97879 1.52083 2.49962
7.26000 1.97360 -0.90626 13.44860 1.20323 1.04220 1.45742 2.49962
7.27000 1.96408 -0.99695 13.46051 1.17780 1.12370 1.37592 2.49962
7.28000 1.95366 -1.08812 13.47217 1.15509 1.22341 1.27621 2.49962
7.29000 1.94232 -1.17995 13.48362 1.13538 1.34147 1.15815 2.49962
7.30000 1.93005 -1.27261 13.49489 1.11894 1.47803 1.02159 2.49962
7.31000 1.91686 -1.36631 13.50601 1.10607 1.63323 0.86639 2.49962
7.32000 1.90272 -1.46125 13.51702 1.09706 1.80723 0.69238 2.49962
7.33000 1.88763 -1.55763 13.52796 1.09222 2.00021 0.49940 2.49962
7.34000 1.87157 -1.65570 13.53888 1.09186 2.21234 0.28728 2.49962
7.35000 1.85451 -1.75568 13.54982 1.09633 2.44379 0.05583 2.49962
7.36000 1.83645 -1.85783 13.56082 1.10594 2.69474 -0.19512 2.49962
7.37000 1.81735 -1.96240 13.57195 1.12104 2.96535 -0.46574 2.49962
7.38000 1.79719 -2.06967 13.58326 1.14197 3.25581 -0.75619 2.49962
7.39000 1.77594 -2.17988 13.59481 1.16905 3.56626 -1.06665 2.49962
7.40000 1.75358 -2.29332 13.60667 1.20260 3.89685 -1.39723 2.49962
7.41000 1.73007 -2.41024 13.61889 1.24286 4.24769 -1.74807 2.49962
7.42000 1.70536 -2.53084 13.63155 1.29005 4.61885 -2.11923 2.49962
7.43000 1.67944 -2.65530 13.64471 1.34424 5.01037 -2.51076 2.49962
7.44000 1.65224 -2.78369 13.65846 1.40538 5.42222 -2.92260 2.49962
7.45000 1.62375 -2.91597 13.67284 1.47316 5.85428 -3.35466 2.49962
7.46000 1.59391 -3.05189 13.68794 1.54699 6.30631 -3.80670 2.49962
7.47000 1.56270 -3.19094 13.70380 1.62582 6.77796 -4.27835 2.49962
7.48000 1.53009 -3.33227 13.72047 1.70804 7.26869 -4.76907 2.49962
7.49000 1.49605 -3.47458 13.73796 1.79137 7.77773 -5.27812 2.49962
7.50000 1.46060 -3.61605 13.75629 1.87269 8.30409 -5.80448 2.49962
7.51000 1.42374 -3.75429 13.77540 1.94806 8.84649 -6.34687 2.49962
7.52000 1.38553 -3.88643 13.79521 2.01275 9.40333 -6.90371 2.49962
7.53000 1.34604 -4.00927 13.81560 2.06152 9.97271 -7.47310 2.49962
7.54000 1.30539 -4.11962 13.83637 2.08910 10.55251 -8.05289 2.49962
7.55000 1.26370 -4.21468 13.85730 2.09084 11.14037 -8.64076 2.49962
7.56000 1.22115 -4.29253 13.87809 2.06330 11.73391 -9.23429 2.49962
7.57000 1.17791 -4.35240 13.89846 2.00480 12.33078 -9.83116 2.49962
7.58000 1.13416 -4.39478 13.91808 1.91553 12.92880 -10.42918 2.49962
7.59000 1.09007 -4.42123 13.93667 1.79732 13.52607 -11.02645 2.49962
7.60000 1.04578 -4.43406 13.95394 1.65321 14.12101 -11.62139 2.49962
7.61000 1.00143 -4.43587 13.96966 1.48682 14.71235 -12.21274 2.49961
7.62000 0.95709 -4.42924 13.98362 1.30185 15.29913 -12.79951 2.49961
7.63000 0.91286 -4.41643 13.99565 1.10172 15.88060 -13.38099 2.49961
7.64000 0.86878 -4.39930 14.00561 0.88938 16.45623 -13.95661 2.49961
7.65000 0.82489 -4.37921 14.01340 0.66725 17.02558 -14.52596 2.49961
7.66000 0.78120 -4.35710 14.01893 0.43723 17.58832 -15.08871 2.49961
7.67000 0.73775 -4.33351 14.02213 0.20079 18.14418 -15.64457 2.49961
7.68000 0.69454 -4.30864 14.02293 -0.04095 18.69288 -16.19327 2.49961
7.69000 0.65158 -4.28244 14.02129 -0.28711 19.23418 -16.73457 2.49961
7.70000 0.60889 -4.25463 14.01718 -0.53701 19.76784 -17.26823 2.49961
7.71000 0.56649 -4.22479 14.01054 -0.79006 20.29360 -17.79399 2.49961
7.72000 0.52441 -4.19234 14.00137 -1.04575 20.81124 -18.31162 2.49961
7.73000 0.48266 -4.15663 13.98962 -1.30360 21.32050 -18.82089 2.49961
7.74000 0.44129 -4.11693 13.97529 -1.56313 21.82119 -19.32157 2.49961
7.75000 0.40034 -4.07244 13.95835 -1.82384 22.31310 -19.81348 2.49961
7.76000 0.35986 -4.02235 13.93881 -2.08524 22.79606 -20.29645 2.49962
7.77000 0.31991 -3.96582 13.91665 -2.34681 23.26997 -20.77035 2.49962
7.78000 0.28056 -3.90202 13.89187 -2.60801 23.73473 -21.23512 2.49962
7.79000 0.24190 -3.83012 13.86449 -2.86832 24.19031 -21.69070 2.49962
7.80000 0.20399 -3.74933 13.83451 -3.12722 24.63674 -22.13712 2.49962
7.81000 0.16694 -3.65890 13.80195 -3.38425 25.07406 -22.57444 2.49962
7.82000 0.13085 -3.55812 13.76683 -3.63899 25.50238 -23.00277 2.49962
7.83000 0.09582 -3.44637 13.72918 -3.89114 25.92185 -23.42223 2.49962
7.84000 0.06196 -3.32306 13.68902 -4.14047 26.33259 -23.83298 2.49962
7.85000 0.02939 -3.18772 13.64638 -4.38692 26.73478 -24.23516 2.49962
7.86000 -0.00175 -3.03992 13.60129 -4.63059 27.12851 -24.62889 2.49962
7.87000 -0.03136 -2.87934 13.55378 -4.87177 27.51386 -25.01424 2.49962
7.88000 -0.05930 -2.70571 13.50386 -5.11096 27.89080 -25.39118 2.49962
7.89000 -0.08543 -2.51885 13.45156 -5.34887 28.25917 -25.75955 2.49962
7.90000 -0.10963 -2.31865 13.39689 -5.58649 28.61863 -26.11901 2.49962
7.91000 -0.13176 -2.10508 13.33983 -5.82499 28.96859 -26.46897 2.49962
7.92000 -0.15169 -1.87820 13.28038 -6.06577 29.30817 -26.80855 2.49962
7.93000 -0.16928 -1.63821 13.21850 -6.31038 29.63608 -27.13646 2.49962
7.94000 -0.18441 -1.38551 13.15415 -6.56039 29.95056 -27.45095 2.49962
7.95000 -0.19695 -1.12089 13.08727 -6.81721 30.24923 -27.74961 2.49962
7.96000 -0.20679 -0.84575 13.01778 -7.08174 30.52896 -28.02934 2.49962
7.97000 -0.21384 -0.56251 12.94561 -7.35379 30.78570 -28.28609 2.49962
7.98000 -0.21803 -0.27527 12.87069 -7.63126 31.01437 -28.51476 2.49961
7.99000 -0.21935 0.00932 12.79299 -7.90887 31.20867 -28.70906 2.49961
8.00000 -0.21788 0.28114 12.71254 -8.17683 31.36112 -28.86151 2.49961
8.01000 -0.21382 0.52584 12.62953 -8.41966 31.46326 -28.96365 2.49962
8.02000 -0.20752 0.72532 12.54430 -8.61659 31.50630 -29.00667 2.49962
8.03000 -0.19953 0.86046 12.45743 -8.74477 31.48223 -28.98259 2.49963
8.04000 -0.19057 0.91622 12.36970 -8.78583 31.38532 -28.88568 2.49964
8.05000 -0.18149 0.88711 12.28203 -8.73301 31.21349 -28.71386 2.49963
8.06000 -0.17309 0.77957 12.19533 -8.59420 30.96886 -28.46924 2.49962
8.07000 -0.16611 0.60932 12.11037 -8.38856 30.65718 -28.15757 2.49961
8.08000 -0.16105 0.39572 12.02770 -8.13927 30.28654 -27.78693 2.49961
8.09000 -0.15828 0.15680 11.94766 -7.86719 29.86585 -27.36624 2.49961
8.10000 -0.15795 -0.09329 11.87038 -7.58778 29.40376 -26.90415 2.49961
8.11000 -0.16015 -0.34463 11.79589 -7.31089 28.90800 -26.40839 2.49961
8.12000 -0.16483 -0.59085 11.72414 -7.04188 28.38517 -25.88556 2.49961
8.13000 -0.17193 -0.82807 11.65502 -6.78306 27.84073 -25.34112 2.49961
8.14000 -0.18135 -1.05408 11.58844 -6.53484 27.27910 -24.77949 2.49961
8.15000 -0.19297 -1.26768 11.52429 -6.29658 26.70386 -24.20425 2.49961
8.16000 -0.20666 -1.46832 11.46248 -6.06712 26.11785 -23.61824 2.49961
8.17000 -0.22229 -1.65576 11.40292 -5.84513 25.52335 -23.02374 2.49961
8.18000 -0.23973 -1.83001 11.34556 -5.62925 24.92217 -22.42256 2.49961
8.19000 -0.25885 -1.99117 11.29032 -5.41826 24.31577 -21.81616 2.49961
8.20000 -0.27951 -2.13942 11.23718 -5.21110 23.70530 -21.20569 2.49961
8.21000 -0.30160 -2.27498 11.18609 -5.00685 23.09172 -20.59211 2.49961
8.22000 -0.32497 -2.39810 11.13703 -4.80483 22.47579 -19.97618 2.49961
8.23000 -0.34952 -2.50907 11.08999 -4.60451 21.85817 -19.35856 2.49961
8.24000 -0.37512 -2.60822 11.04494 -4.40551 21.23943 -18.73982 2.49961
8.25000 -0.40165 -2.69589 11.00188 -4.20762 20.62005 -18.12044 2.49961
8.26000 -0.42900 -2.77247 10.96078 -4.01077 20.00050 -17.50089 2.49961
8.27000 -0.45706 -2.83836 10.92166 -3.81496 19.38123 -16.88162 2.49961
8.28000 -0.48573 -2.89401 10.88448 -3.62033 18.76268 -16.26307 2.49961
8.29000 -0.51491 -2.93988 10.84925 -3.42707 18.14529 -15.64568 2.49961
8.30000 -0.54450 -2.97647 10.81593 -3.23542 17.52953 -15.02992 2.49961
8.31000 -0.57441 -3.00427 10.78453 -3.04569 16.91589 -14.41628 2.49961
8.32000 -0.60455 -3.02380 10.75501 -2.85820 16.30487 -13.80526 2.49961
8.33000 -0.63486 -3.03558 10.72736 -2.67329 15.69702 -13.19741 2.49961
8.34000 -0.66524 -3.04011 10.70154 -2.49130 15.09289 -12.59328 2.49961
8.35000 -0.69564 -3.03792 10.67752 -2.31257 14.49306 -11.99345 2.49961
8.36000 -0.72598 -3.02950 10.65527 -2.13744 13.89815 -11.39854 2.49961
8.37000 -0.75621 -3.01533 10.63476 -1.96621 13.30876 -10.80916 2.49961
8.38000 -0.78627 -2.99586 10.61594 -1.79916 12.72555 -10.22594 2.49961
8.39000 -0.81611 -2.97155 10.59876 -1.63656 12.14913 -9.64953 2.49961
8.40000 -0.84568 -2.94279 10.58319 -1.47864 11.58018 -9.08057 2.49961
8.41000 -0.87495 -2.90997 10.56917 -1.32558 11.01932 -8.51971 2.49961
8.42000 -0.90387 -2.87344 10.55666 -1.17757 10.46720 -7.96759 2.49961
8.43000 -0.93241 -2.83352 10.54560 -1.03474 9.92445 -7.42484 2.49961
8.44000 -0.96053 -2.79050 10.53595 -0.89721 9.39169 -6.89209 2.49961
8.45000 -0.98821 -2.74464 10.52764 -0.76505 8.86954 -6.36994 2.49961
8.46000 -1.01541 -2.69617 10.52063 -0.63832 8.35858 -5.85898 2.49961
8.47000 -1.04212 -2.64529 10.51486 -0.51706 7.85939 -5.35978 2.49961
8.48000 -1.06831 -2.59217 10.51027 -0.40128 7.37252 -4.87291 2.49961
8.49000 -1.09396 -2.53696 10.50681 -0.29098 6.89849 -4.39888 2.49961
8.50000 -1.11905 -2.47978 10.50443 -0.18614 6.43782 -3.93821 2.49961
8.51000 -1.14355 -2.42075 10.50307 -0.08672 5.99099 -3.49138 2.49961
8.52000 -1.16745 -2.35992 10.50268 0.00733 5.55846 -3.05886 2.49961
8.53000 -1.19074 -2.29739 10.50320 0.09608 5.14068 -2.64107 2.49961
8.54000 -1.21340 -2.23318 10.50458 0.17960 4.73804 -2.23843 2.49961
8.55000 -1.23540 -2.16735 10.50678 0.25797 4.35095 -1.85134 2.49961
8.56000 -1.25674 -2.09991 10.50973 0.33130 3.97977 -1.48016 2.49961
8.57000 -1.27739 -2.03090 10.51339 0.39969 3.62484 -1.12523 2.49961
8.58000 -1.29735 -1.96031 10.51770 0.46325 3.28648 -0.78687 2.49961
8.59000 -1.31660 -1.88817 10.52263 0.52211 2.96499 -0.46539 2.49961
8.60000 -1.33511 -1.81448 10.52813 0.57641 2.66065 -0.16105 2.49961
8.61000 -1.35288 -1.73927 10.53415 0.62630 2.37371 0.12589 2.49961
8.62000 -1.36989 -1.66253 10.54064 0.67194 2.10441 0.39520 2.49961
8.63000 -1.38613 -1.58430 10.54757 0.71349 1.85295 0.64666 2.49961
8.64000 -1.40157 -1.50461 10.55490 0.75115 1.61953 0.88008 2.49961
8.65000 -1.41621 -1.42347 10.56258 0.78511 1.40433 1.09528 2.49961
8.66000 -1.43004 -1.34095 10.57059 0.81556 1.20749 1.29211 2.49961
8.67000 -1.44303 -1.25709 10.57888 0.84273 1.02916 1.47044 2.49961
8.68000 -1.45517 -1.17195 10.58743 0.86683 0.86946 1.63014 2.49961
8.69000 -1.46646 -1.08559 10.59621 0.88810 0.72850 1.77111 2.49961
8.70000 -1.47688 -0.99810 10.60519 0.90677 0.60636 1.89325 2.49961
8.71000 -1.48642 -0.90956 10.61434 0.92308 0.50312 1.99649 2.49961
8.72000 -1.49507 -0.82004 10.62364 0.93726 0.41884 2.08077 2.49961
8.73000 -1.50282 -0.72965 10.63308 0.94956 0.35359 2.14602 2.49961
8.74000 -1.50966 -0.63848 10.64263 0.96021 0.30740 2.19221 2.49961
8.75000 -1.51559 -0.54662 10.65228 0.96943 0.28030 2.21930 2.49961
8.76000 -1.52059 -0.45417 10.66201 0.97746 0.27234 2.22727 2.49961
8.77000 -1.52467 -0.36123 10.67182 0.98449 0.28352 2.21608 2.49961
8.78000 -1.52781 -0.26789 10.68170 0.99075 0.31387 2.18574 2.49961
8.79000 -1.53002 -0.17423 10.69164 0.99643 0.36339 2.13621 2.49961
8.80000 -1.53130 -0.08036 10.70163 1.00170 0.43210 2.06751 2.49961
8.81000 -1.53163 0.01365 10.71167 1.00675 0.51999 1.97962 2.49961
8.82000 -1.53102 0.10772 10.72176 1.01173 0.62707 1.87254 2.49961
8.83000 -1.52948 0.20175 10.73190 1.01681 0.75333 1.74628 2.49961
8.84000 -1.52699 0.29569 10.74210 1.02213 0.89877 1.60084 2.49961
8.85000 -1.52356 0.38944 10.75235 1.02782 1.06338 1.43623 2.49961
8.86000 -1.51920 0.48293 10.76266 1.03404 1.24713 1.25248 2.49961
8.87000 -1.51391 0.57609 10.77303 1.04090 1.45002 1.04959 2.49961
8.88000 -1.50768 0.66885 10.78348 1.04854 1.67200 0.82760 2.49961
8.89000 -1.50053 0.76112 10.79401 1.05709 1.91305 0.58656 2.49961
8.90000 -1.49246 0.85282 10.80462 1.06668 2.17311 0.32649 2.49961
8.91000 -1.48348 0.94387 10.81534 1.07744 2.45213 0.04748 2.49961
8.92000 -1.47359 1.03418 10.82618 1.08952 2.75002 -0.25041 2.49961
8.93000 -1.46280 1.12366 10.83714 1.10306 3.06670 -0.56709 2.49961
8.94000 -1.45112 1.21219 10.84824 1.11820 3.40204 -0.90244 2.49961
8.95000 -1.43856 1.29968 10.85951 1.13512 3.75592 -1.25632 2.49961
8.96000 -1.42513 1.38601 10.87095 1.15397 4.12818 -1.62857 2.49961
8.97000 -1.41084 1.47105 10.88259 1.17492 4.51862 -2.01901 2.49961
8.98000 -1.39571 1.55469 10.89446 1.19817 4.92702 -2.42741 2.49961
8.99000 -1.37975 1.63677 10.90657 1.22389 5.35314 -2.85353 2.49961
9.00000 -1.36298 1.71716 10.91894 1.25228 5.79668 -3.29707 2.49961
9.01000 -1.34541 1.79570 10.93162 1.28353 6.25731 -3.75771 2.49961
9.02000 -1.32707 1.87225 10.94463 1.31784 6.73468 -4.23507 2.49961
9.03000 -1.30798 1.94665 10.95799 1.35541 7.22836 -4.72875 2.49961
9.04000 -1.28815 2.01872 10.97175 1.39644 7.73790 -5.23829 2.49961
9.05000 -1.26761 2.08831 10.98593 1.44110 8.26280 -5.76319 2.49961
9.06000 -1.24639 2.15524 11.00058 1.48958 8.80251 -6.30290 2.49961
9.07000 -1.22451 2.21935 11.01573 1.54205 9.35645 -6.85684 2.49961
9.08000 -1.20201 2.28048 11.03143 1.59866 9.92396 -7.42435 2.49961
9.09000 -1.17892 2.33845 11.04772 1.65954 10.50436 -8.00475 2.49961
9.10000 -1.15525 2.39311 11.06464 1.72482 11.09691 -8.59730 2.49961
9.11000 -1.13106 2.44430 11.08223 1.79459 11.70084 -9.20123 2.49961
9.12000 -1.10638 2.49187 11.10055 1.86891 12.31530 -9.81570 2.49961
9.13000 -1.08124 2.53567 11.11963 1.94783 12.93944 -10.43984 2.49961
9.14000 -1.05568 2.57556 11.13952 2.03136 13.57235 -11.07274 2.49961
9.15000 -1.02974 2.61141 11.16027 2.11949 14.21306 -11.71345 2.49961
9.16000 -1.00347 2.64310 11.18192 2.21216 14.86058 -12.36097 2.49961
9.17000 -0.97689 2.67053 11.20453 2.30930 15.51389 -13.01428 2.49961
9.18000 -0.95007 2.69358 11.22812 2.41080 16.17192 -13.67231 2.49961
9.19000 -0.92304 2.71218 11.25276 2.51651 16.83358 -14.33397 2.49961
9.20000 -0.89584 2.72626 11.27847 2.62625 17.49772 -14.99811 2.49961
9.21000 -0.86853 2.73578 11.30530 2.73982 18.16319 -15.66359 2.49961
9.22000 -0.84114 2.74071 11.33328 2.85695 18.82879 -16.32919 2.49961
9.23000 -0.81373 2.74104 11.36245 2.97736 19.49330 -16.99369 2.49961
9.24000 -0.78634 2.73683 11.39283 3.10073 20.15545 -17.65584 2.49961
9.25000 -0.75901 2.72813 11.42447 3.22670 20.81395 -18.31434 2.49961
9.26000 -0.73179 2.71508 11.45737 3.35485 21.46747 -18.96786 2.49961
9.27000 -0.70472 2.69783 11.49157 3.48473 22.11466 -19.61505 2.49961
9.28000 -0.67784 2.67661 11.52707 3.61582 22.75411 -20.25450 2.49961
9.29000 -0.65120 2.65173 11.56389 3.74756 23.38439 -20.88478 2.49961
9.30000 -0.62482 2.62355 11.60202 3.87930 24.00402 -21.50441 2.49961
9.31000 -0.59874 2.59254 11.64147 4.01034 24.61147 -22.11186 2.49961
9.32000 -0.57298 2.55925 11.68223 4.13987 25.20517 -22.70556 2.49961
9.33000 -0.54756 2.52435 11.72426 4.26701 25.78353 -23.28392 2.49961
9.34000 -0.52249 2.48860 11.76756 4.39077 26.34489 -23.84528 2.49961
9.35000 -0.49779 2.45287 11.81206 4.51006 26.88756 -24.38795 2.49961
9.36000 -0.47343 2.41816 11.85774 4.62371 27.40984 -24.91023 2.49961
9.37000 -0.44942 2.38552 11.90451 4.73043 27.91001 -25.41040 2.49961
9.38000 -0.42571 2.35611 11.95232 4.82886 28.38634 -25.88673 2.49961
9.39000 -0.40228 2.33110 12.00106 4.91764 28.83714 -26.33753 2.49961
9.40000 -0.37907 2.31169 12.05063 4.99536 29.26078 -26.76117 2.49961
9.41000 -0.35602 2.29900 12.10093 5.06069 29.65568 -27.15607 2.49961
9.42000 -0.33306 2.29405 12.15180 5.11243 30.02039 -27.52078 2.49961
9.43000 -0.31011 2.29769 12.20313 5.14954 30.35360 -27.85399 2.49961
9.44000 -0.28708 2.31054 12.25474 5.17123 30.65416 -28.15455 2.49961
9.45000 -0.26387 2.33296 12.30650 5.17701 30.92112 -28.42151 2.49961
9.46000 -0.24039 2.36502 12.35823 5.16670 31.15371 -28.65410 2.49961
9.47000 -0.21654 2.40648 12.40978 5.14045 31.35139 -28.85178 2.49961
9.48000 -0.19223 2.45683 12.46099 5.09870 31.51380 -29.01419 2.49961
9.49000 -0.16738 2.51530 12.51170 5.04219 31.64077 -29.14116 2.49961
9.50000 -0.14190 2.58095 12.56178 4.97185 31.73231 -29.23270 2.49961
9.51000 -0.11574 2.65268 12.61110 4.88878 31.78854 -29.28893 2.49961
9.52000 -0.08883 2.72930 12.65952 4.79417 31.80972 -29.31011 2.49961
9.53000 -0.06114 2.80959 12.70695 4.68927 31.79618 -29.29657 2.49961
9.54000 -0.03263 2.89235 12.75328 4.57533 31.74831 -29.24870 2.49961
9.55000 -0.00329 2.97640 12.79843 4.45360 31.66655 -29.16694 2.49961
9.56000 0.02690 3.06066 12.84233 4.32527 31.55135 -29.05174 2.49961
9.57000 0.05792 3.14411 12.88491 4.19149 31.40319 -28.90358 2.49961
9.58000 0.08978 3.22580 12.92614 4.05339 31.22254 -28.72293 2.49961
9.59000 0.12243 3.30492 12.96597 3.91202 31.00988 -28.51027 2.49961
9.60000 0.15586 3.38070 13.00437 3.76841 30.76571 -28.26610 2.49961
9.61000 0.19003 3.45246 13.04134 3.62358 30.49053 -27.99093 2.49961
9.62000 0.22490 3.51963 13.07685 3.47850 30.18487 -27.68526 2.49961
9.63000 0.26041 3.58165 13.11091 3.33413 29.84928 -27.34967 2.49961
9.64000 0.29651 3.63805 13.14353 3.19144 29.48435 -26.98474 2.49961
9.65000 0.33315 3.68840 13.17475 3.05136 29.09073 -26.59112 2.49961
9.66000 0.37026 3.73231 13.20457 2.91483 28.66913 -26.16952 2.49961
9.67000 0.40777 3.76944 13.23306 2.78276 28.22034 -25.72073 2.49961
9.68000 0.44562 3.79946 13.26025 2.65603 27.74524 -25.24563 2.49961
9.69000 0.48374 3.82209 13.28620 2.53549 27.24481 -24.74520 2.49961
9.70000 0.52204 3.83709 13.31098 2.42193 26.72013 -24.22052 2.49961
9.71000 0.56045 3.84425 13.33466 2.31608 26.17240 -23.67280 2.49961
9.72000 0.59890 3.84341 13.35733 2.21857 25.60295 -23.10334 2.49961
9.73000 0.63729 3.83446 13.37906 2.12993 25.01321 -22.51360 2.49961
9.74000 0.67556 3.81736 13.39996 2.05055 24.40474 -21.90514 2.49961
9.75000 0.71361 3.79212 13.42011 1.98070 23.77922 -21.27962 2.49961
9.76000 0.75137 3.75886 13.43960 1.92048 23.13842 -20.63881 2.49961
9.77000 0.78876 3.71774 13.45855 1.86984 22.48419 -19.98458 2.49961
9.78000 0.82570 3.66903 13.47703 1.82857 21.81847 -19.31886 2.49961
9.79000 0.86212 3.61305 13.49515 1.79630 21.14323 -18.64362 2.49961
9.80000 0.89794 3.55022 13.51299 1.77255 20.46048 -17.96087 2.49961
9.81000 0.93310 3.48098 13.53063 1.75669 19.77223 -17.27262 2.49961
9.82000 0.96754 3.40584 13.54814 1.74803 19.08046 -16.58085 2.49961
9.83000 1.00120 3.32535 13.56561 1.74579 18.38714 -15.88753 2.49961
9.84000 1.03403 3.24004 13.58308 1.74916 17.69415 -15.19454 2.49961
9.85000 1.06599 3.15049 13.60061 1.75732 17.00330 -14.50369 2.49961
9.86000 1.09703 3.05724 13.61824 1.76946 16.31632 -13.81671 2.49961
9.87000 1.12712 2.96081 13.63601 1.78480 15.63483 -13.13523 2.49961
9.88000 1.15624 2.86171 13.65394 1.80259 14.96036 -12.46075 2.49961
9.89000 1.18435 2.76039 13.67206 1.82217 14.29429 -11.79469 2.49961
9.90000 1.21144 2.65730 13.69039 1.84292 13.63794 -11.13833 2.49961
9.91000 1.23749 2.55282 13.70893 1.86430 12.99246 -10.49285 2.49961
9.92000 1.26249 2.44729 13.72768 1.88583 12.35893 -9.85932 2.49961
9.93000 1.28643 2.34101 13.74664 1.90711 11.73832 -9.23871 2.49961
9.94000 1.30931 2.23427 13.76582 1.92781 11.13148 -8.63187 2.49961
9.95000 1.33112 2.12729 13.78519 1.94766 10.53918 -8.03957 2.49961
9.96000 1.35186 2.02027 13.80477 1.96644 9.96210 -7.46249 2.49961
9.97000 1.37152 1.91338 13.82452 1.98398 9.40084 -6.90123 2.49961
9.98000 1.39013 1.80676 13.84444 2.00018 8.85592 -6.35632 2.49961
9.99000 1.40766 1.70054 13.86452 2.01495 8.32781 -5.82820 2.49961
